Page_size/bytes Page_load_time/ms
1303 32658.922 www.alibaba.com.har
31544 110561.735 www.cnn.com.har
372349 88675.528 www.espncricinfo.com.har
52013 31890.756 www.imdb.com.har
13113 37832.795 www.reddit.com.har
956 20700.415 www.washingtonpost.com.har
[1303, 31544, 372349, 52013, 13113, 956]
[32658.92200000235, 110561.73500001023, 88675.52800000066, 31890.75600000797, 37832.795000009355, 20700.41500001389]
[4243484, 6525429, 2824524, 1511525, 5363767, 1116551]
[32658.92200000235, 110561.73500001023, 88675.52800000066, 31890.75600000797, 37832.795000009355, 20700.41500001389]