0
21
43
65
86
108
130
151
173
195
216
238
260
281
303
325
346
368
390
411
433
455
476
498
520
541
563
585
606
628
650
671
693
715
736
758
780
801
823
845
866
888
910
931
953
975
996
1000
1020
1041
1062
1082
1103
1124
1144
1165
1186
1206
1227
1248
1268
1289
1310
1330
1351
1372
1392
1413
1434
1454
1475
1496
1516
1537
1558
1578
1599
1620
1640
1661
1682
1702
1723
1744
1764
1785
1806
1826
1847
1868
1888
1909
1930
1950
1971
1992
2000
2022
2044
2066
2088
2110
2132
2154
2176
2198
2220
2242
2264
2286
2308
2330
2352
2374
2396
2418
2440
2462
2484
2506
2528
2550
2572
2594
2616
2638
2660
2682
2704
2726
2748
2770
2792
2814
2836
2858
2880
2902
2924
2946
2968
2990
3000
3022
3045
3068
3090
3113
3136
3158
3181
3204
3226
3249
3272
3294
3317
3340
3362
3385
3408
3430
3453
3476
3498
3521
3544
3566
3589
3612
3634
3657
3680
3702
3725
3748
3770
3793
3816
3838
3861
3884
3906
3929
3952
3974
3997
4000
4023
4047
4070
4093
4117
4140
4163
4187
4210
4233
4257
4280
4303
4327
4350
4373
4397
4420
4443
4467
4490
4513
4537
4560
4583
4607
4630
4653
4677
4700
4723
4747
4770
4793
4817
4840
4863
4887
4910
4933
4957
4980
5000
5024
5049
5074
5098
5123
5148
5172
5197
5222
5246
5271
5296
5320
5345
5370
5394
5419
5444
5468
5493
5518
5542
5567
5592
5616
5641
5666
5690
5715
5740
5764
5789
5814
5838
5863
5888
5912
5937
5962
5986
6000
6026
6053
6080
6106
6133
6160
6186
6213
6240
6266
6293
6320
6346
6373
6400
6426
6453
6480
6506
6533
6560
6586
6613
6640
6666
6693
6720
6746
6773
6800
6826
6853
6880
6906
6933
6960
6986
7000
7027
7055
7082
7110
7137
7165
7192
7220
7247
7275
7302
7330
7357
7385
7412
7440
7467
7495
7522
7550
7577
7605
7632
7660
7687
7715
7742
7770
7797
7825
7852
7880
7907
7935
7962
7990
8000
8026
8053
8079
8106
8132
8159
8185
8212
8238
8265
8291
8318
8344
8371
8397
8424
8450
8477
8503
8530
8556
8583
8609
8636
8662
8689
8715
8742
8768
8795
8821
8848
8874
8901
8927
8954
8980
9000
9028
9057
9086
9114
9143
9172
9200
9229
9258
9286
9315
9344
9372
9401
9430
9458
9487
9516
9544
9573
9602
9630
9659
9688
9716
9745
9774
9802
9831
9860
9888
9917
9946
9974
10000
10030
10061
10091
10121
10152
10182
10212
10243
10273
10303
10334
10364
10394
10425
10455
10485
10516
10546
10576
10607
10637
10667
10698
10728
10758
10789
10819
10849
10880
10910
10940
10971
11000
11028
11057
11085
11114
11142
11171
11199
11228
11256
11285
11313
11342
11370
11399
11427
11456
11484
11513
11541
11570
11598
11627
11655
11684
11712
11741
11769
11798
11826
11855
11883
11912
11940
11969
11997
12000
12026
12053
12079
12106
12132
12159
12185
12212
12238
12265
12291
12318
12344
12371
12397
12424
12450
12477
12503
12530
12556
12583
12609
12636
12662
12689
12715
12742
12768
12795
12821
12848
12874
12901
12927
12954
12980
13000
13024
13049
13074
13099
13123
13148
13173
13198
13222
13247
13272
13297
13321
13346
13371
13396
13420
13445
13470
13495
13519
13544
13569
13594
13618
13643
13668
13693
13717
13742
13767
13792
13816
13841
13866
13891
13915
13940
13965
13990
14000
14023
14047
14071
14094
14118
14142
14165
14189
14213
14236
14260
14284
14307
14331
14355
14378
14402
14426
14449
14473
14497
14520
14544
14568
14591
14615
14639
14662
14686
14710
14733
14757
14781
14804
14828
14852
14875
14899
14923
14946
14970
14994
15000
15023
15046
15069
15092
15115
15138
15161
15184
15207
15230
15253
15276
15299
15322
15345
15368
15391
15414
15437
15460
15483
15506
15529
15552
15575
15598
15621
15644
15667
15690
15713
15736
15759
15782
15805
15828
15851
15874
15897
15920
15943
15966
15989
16000
16024
16049
16073
16097
16122
16146
16170
16195
16219
16243
16268
16292
16316
16341
16365
16389
16414
16438
16462
16487
16511
16535
16560
16584
16608
16633
16657
16681
16706
16730
16754
16779
16803
16827
16852
16876
16900
16925
16949
16973
16998
17000
17028
17057
17085
17114
17142
17171
17199
17228
17256
17285
17313
17342
17370
17399
17427
17456
17484
17513
17541
17570
17598
17627
17655
17684
17712
17741
17769
17798
17826
17855
17883
17912
17940
17969
17997
18000
18031
18063
18095
18127
18159
18191
18223
18254
18286
18318
18350
18382
18414
18446
18477
18509
18541
18573
18605
18637
18669
18700
18732
18764
18796
18828
18860
18892
18923
18955
18987
19000
19035
19071
19107
19142
19178
19214
19249
19285
19321
19356
19392
19428
19463
19499
19535
19570
19606
19642
19677
19713
19749
19784
19820
19856
19891
19927
19963
19998
20000
20047
20095
20142
20189
20236
20284
20331
20378
20425
20473
20520
20567
20614
20662
20709
20756
20803
20851
20898
20945
20992
21000
21048
21097
21145
21194
21242
21291
21339
21388
21436
21485
21533
21582
21630
21679
21727
21776
21824
21873
21921
21970
22000
22050
22101
22151
22202
22252
22303
22353
22404
22454
22505
22555
22606
22656
22707
22757
22808
22858
22909
22959
23000
23057
23115
23172
23229
23287
23344
23401
23459
23516
23573
23631
23688
23745
23803
23860
23917
23975
24000
24057
24115
24173
24231
24289
24347
24404
24462
24520
24578
24636
24694
24751
24809
24867
24925
24983
25000
25052
25105
25157
25209
25261
25313
25366
25418
25470
25522
25574
25627
25679
25731
25783
25835
25888
25940
25992
26000
26052
26105
26157
26210
26262
26315
26367
26420
26472
26525
26577
26630
26682
26735
26787
26840
26892
26945
26997
27000
27056
27113
27170
27226
27283
27340
27396
27453
27510
27566
27623
27680
27736
27793
27850
27906
27963
28000
28041
28083
28124
28166
28207
28249
28290
28332
28373
28415
28456
28498
28539
28581
28622
28664
28705
28747
28788
28830
28871
28913
28954
28996
29000
29023
29047
29071
29095
29119
29142
29166
29190
29214
29238
29261
29285
29309
29333
29357
29380
29404
29428
29452
29476
29499
29523
29547
29571
29595
29618
29642
29666
29690
29714
29737
29761
29785
29809
29833
29856
29880
29904
29928
29952
29975
29999
31000
31023
31047
31070
31093
31116
31140
31163
31186
31209
31233
31256
31279
31302
31326
31349
31372
31395
31419
31442
31465
31488
31512
31535
31558
31581
31605
31628
31651
31674
31698
31721
31744
31767
31791
31814
31837
31860
31884
31907
31930
31953
31977
32000
32022
32045
32067
32089
32112
32134
32156
32179
32201
32223
32246
32268
32290
32313
32335
32357
32380
32402
32424
32447
32469
32491
32514
32536
32558
32581
32603
32625
32648
32670
32692
32715
32737
32759
32782
32804
32826
32849
32871
32893
32916
32938
32960
32983
35000
35040
35081
35121
35161
35202
35242
35282
35323
35363
35403
35444
35484
35524
35565
35605
35645
35686
35726
35766
35807
35847
35887
35928
35968
36000
36051
36103
36155
36206
36258
36310
36361
36413
36465
36516
36568
36620
36671
36723
36775
36826
36878
36930
36981
37000
37027
37055
37083
37110
37138
37166
37193
37221
37249
37276
37304
37332
37359
37387
37415
37442
37470
37498
37525
37553
37581
37608
37636
37664
37691
37719
37747
37774
37802
37830
37857
37885
37913
37940
37968
37996
38000
38023
38047
38070
38093
38117
38140
38163
38187
38210
38233
38257
38280
38303
38327
38350
38373
38397
38420
38443
38467
38490
38513
38537
38560
38583
38607
38630
38653
38677
38700
38723
38747
38770
38793
38817
38840
38863
38887
38910
38933
38957
38980
39000
39022
39045
39067
39089
39112
39134
39156
39179
39201
39223
39246
39268
39290
39313
39335
39357
39380
39402
39424
39447
39469
39491
39514
39536
39558
39581
39603
39625
39648
39670
39692
39715
39737
39759
39782
39804
39826
39849
39871
39893
39916
39938
39960
39983
40000
40032
40065
40097
40130
40162
40195
40227
40260
40292
40325
40357
40390
40422
40455
40487
40520
40552
40585
40617
40650
40682
40715
40747
40780
40812
40845
40877
40910
40942
40975
41000
41032
41065
41097
41129
41161
41193
41226
41258
41290
41322
41354
41387
41419
41451
41483
41515
41548
41580
41612
41644
41676
41709
41741
41773
41805
41837
41870
41902
41934
41966
41998
42000
42077
42155
42233
42311
42389
42467
42545
42622
42700
42778
42856
42934
43000
43122
43245
43367
43489
43611
43733
43856
43978
44000
44088
44177
44265
44353
44442
44530
44618
44707
44795
44883
44972
45000
45049
45099
45148
45197
45246
45296
45345
45394
45443
45493
45542
45591
45640
45690
45739
45788
45837
45887
45936
45985
46000
46028
46057
46085
46114
46142
46171
46199
46228
46256
46285
46313
46342
46370
46399
46427
46456
46484
46513
46541
46570
46598
46627
46655
46684
46712
46741
46769
46798
46826
46855
46883
46912
46940
46969
46997
47000
47018
47037
47056
47075
47094
47113
47131
47150
47169
47188
47207
47226
47244
47263
47282
47301
47320
47339
47357
47376
47395
47414
47433
47452
47470
47489
47508
47527
47546
47565
47583
47602
47621
47640
47659
47678
47696
47715
47734
47753
47772
47791
47809
47828
47847
47866
47885
47904
47922
47941
47960
47979
47998
49000
49015
49030
49045
49060
49075
49090
49105
49120
49135
49150
49165
49180
49195
49210
49225
49240
49255
49270
49285
49300
49315
49330
49345
49360
49375
49390
49405
49420
49435
49450
49465
49480
49495
49510
49525
49540
49555
49570
49585
49600
49615
49630
49645
49660
49675
49690
49705
49720
49735
49750
49765
49780
49795
49810
49825
49840
49855
49870
49885
49900
49915
49930
49945
49960
49975
49990
50000
50018
50036
50054
50072
50090
50108
50126
50144
50162
50180
50198
50216
50234
50252
50270
50288
50306
50324
50342
50360
50378
50396
50414
50432
50450
50468
50486
50504
50522
50540
50558
50576
50594
50612
50630
50648
50666
50684
50702
50720
50738
50756
50774
50792
50810
50828
50846
50864
50882
50900
50918
50936
50954
50972
50990
51000
51030
51061
51092
51122
51153
51184
51214
51245
51276
51306
51337
51368
51398
51429
51460
51490
51521
51552
51582
51613
51644
51674
51705
51736
51766
51797
51828
51858
51889
51920
51950
51981
52000
52044
52089
52133
52177
52221
52266
52310
52354
52398
52443
52487
52531
52575
52620
52664
52708
52752
52797
52841
52885
52929
52974
53000
53048
53097
53145
53193
53242
53290
53338
53387
53435
53483
53532
53580
53628
53677
53725
53773
53822
53870
53918
53967
54000
54196
54393
54590
54786
54983
55000
55106
55213
55319
55425
55532
55638
55744
55851
55957
56000
56100
56200
56300
56400
56500
56600
56700
56800
56900
57000
57037
57075
57112
57149
57186
57224
57261
57298
57335
57373
57410
57447
57484
57522
57559
57596
57633
57671
57708
57745
57782
57820
57857
57894
57931
57969
58000
58019
58039
58059
58078
58098
58118
58137
58157
58177
58196
58216
58236
58255
58275
58295
58314
58334
58354
58373
58393
58413
58432
58452
58472
58491
58511
58531
58550
58570
58590
58609
58629
58649
58668
58688
58708
58727
58747
58767
58786
58806
58826
58845
58865
58885
58904
58924
58944
58963
58983
65000
65796
66000
66159
66319
66478
66637
66797
66956
67000
67043
67086
67129
67172
67215
67258
67301
67344
67387
67430
67473
67516
67559
67602
67645
67688
67731
67774
67817
67860
67903
67946
67989
68000
68020
68041
68061
68081
68101
68122
68142
68162
68182
68203
68223
68243
68263
68284
68304
68324
68344
68365
68385
68405
68425
68446
68466
68486
68506
68527
68547
68567
68587
68608
68628
68648
68668
68689
68709
68729
68749
68770
68790
68810
68830
68851
68871
68891
68911
68932
68952
68972
68992
69000
69014
69029
69043
69057
69072
69086
69100
69115
69129
69143
69158
69172
69186
69201
69215
69229
69244
69258
69272
69287
69301
69315
69330
69344
69358
69373
69387
69401
69416
69430
69444
69459
69473
69487
69502
69516
69530
69545
69559
69573
69588
69602
69616
69631
69645
69659
69674
69688
69702
69717
69731
69745
69760
69774
69788
69803
69817
69831
69846
69860
69874
69889
69903
69917
69932
69946
69960
69975
69989
70000
70010
70021
70031
70041
70051
70062
70072
70082
70092
70103
70113
70123
70133
70144
70154
70164
70174
70185
70195
70205
70215
70226
70236
70246
70256
70267
70277
70287
70297
70308
70318
70328
70338
70349
70359
70369
70379
70390
70400
70410
70420
70431
70441
70451
70461
70472
70482
70492
70502
70513
70523
70533
70543
70554
70564
70574
70584
70595
70605
70615
70625
70636
70646
70656
70666
70677
70687
70697
70707
70718
70728
70738
70748
70759
70769
70779
70789
70800
70810
70820
70830
70841
70851
70861
70871
70882
70892
70902
70912
70923
70933
70943
70953
70964
70974
70984
70994
71000
71008
71017
71025
71033
71041
71049
71058
71066
71074
71082
71090
71099
71107
71115
71123
71131
71140
71148
71156
71164
71172
71181
71189
71197
71205
71213
71222
71230
71238
71246
71254
71263
71271
71279
71287
71295
71304
71312
71320
71328
71336
71345
71353
71361
71369
71377
71386
71394
71402
71410
71418
71427
71435
71443
71451
71459
71468
71476
71484
71492
71500
71509
71517
71525
71533
71541
71550
71558
71566
71574
71582
71591
71599
71607
71615
71623
71632
71640
71648
71656
71664
71673
71681
71689
71697
71705
71714
71722
71730
71738
71746
71755
71763
71771
71779
71787
71796
71804
71812
71820
71828
71837
71845
71853
71861
71869
71878
71886
71894
71902
71910
71919
71927
71935
71943
71951
71960
71968
71976
71984
71992
72000
72008
72017
72025
72034
72042
72051
72059
72068
72076
72085
72093
72102
72110
72119
72127
72136
72144
72153
72161
72170
72178
72187
72195
72204
72212
72221
72229
72238
72246
72255
72263
72272
72280
72289
72297
72306
72314
72323
72331
72340
72348
72357
72365
72374
72382
72391
72399
72408
72416
72425
72433
72442
72450
72459
72467
72476
72484
72493
72501
72510
72518
72527
72535
72544
72552
72561
72569
72578
72586
72595
72603
72612
72620
72629
72637
72646
72654
72663
72671
72680
72688
72697
72705
72714
72722
72731
72739
72748
72756
72765
72773
72782
72790
72799
72807
72816
72824
72833
72841
72850
72858
72867
72875
72884
72892
72901
72909
72918
72926
72935
72943
72952
72960
72969
72977
72986
72994
73000
73008
73017
73025
73033
73042
73050
73058
73067
73075
73083
73092
73100
73108
73117
73125
73133
73142
73150
73158
73167
73175
73183
73192
73200
73208
73217
73225
73233
73242
73250
73258
73267
73275
73283
73292
73300
73308
73317
73325
73333
73342
73350
73358
73367
73375
73383
73392
73400
73408
73417
73425
73433
73442
73450
73458
73467
73475
73483
73492
73500
73508
73517
73525
73533
73542
73550
73558
73567
73575
73583
73592
73600
73608
73617
73625
73633
73642
73650
73658
73667
73675
73683
73692
73700
73708
73717
73725
73733
73742
73750
73758
73767
73775
73783
73792
73800
73808
73817
73825
73833
73842
73850
73858
73867
73875
73883
73892
73900
73908
73917
73925
73933
73942
73950
73958
73967
73975
73983
73992
74000
74009
74019
74028
74038
74047
74057
74066
74076
74085
74095
74104
74114
74123
74133
74142
74152
74161
74171
74180
74190
74199
74209
74218
74228
74237
74247
74256
74266
74275
74285
74294
74304
74313
74323
74332
74342
74351
74361
74370
74380
74389
74399
74408
74418
74427
74437
74446
74456
74465
74475
74484
74494
74503
74513
74522
74532
74541
74551
74560
74570
74579
74589
74598
74608
74617
74627
74636
74646
74655
74665
74674
74684
74693
74703
74712
74722
74731
74741
74750
74760
74769
74779
74788
74798
74807
74817
74826
74836
74845
74855
74864
74874
74883
74893
74902
74912
74921
74931
74940
74950
74959
74969
74978
74988
74997
75000
75011
75023
75035
75046
75058
75070
75081
75093
75105
75116
75128
75140
75151
75163
75175
75186
75198
75210
75221
75233
75245
75256
75268
75280
75291
75303
75315
75326
75338
75350
75361
75373
75385
75396
75408
75420
75431
75443
75455
75466
75478
75490
75501
75513
75525
75536
75548
75560
75571
75583
75595
75606
75618
75630
75641
75653
75665
75676
75688
75700
75711
75723
75735
75746
75758
75770
75781
75793
75805
75816
75828
75840
75851
75863
75875
75886
75898
75910
75921
75933
75945
75956
75968
75980
75991
76000
76015
76031
76046
76061
76077
76092
76107
76123
76138
76153
76169
76184
76199
76215
76230
76245
76261
76276
76291
76307
76322
76337
76353
76368
76383
76399
76414
76429
76445
76460
76475
76491
76506
76521
76537
76552
76567
76583
76598
76613
76629
76644
76659
76675
76690
76705
76721
76736
76751
76767
76782
76797
76813
76828
76843
76859
76874
76889
76905
76920
76935
76951
76966
76981
76997
77000
77015
77031
77046
77061
77077
77092
77107
77123
77138
77153
77169
77184
77199
77215
77230
77245
77261
77276
77291
77307
77322
77337
77353
77368
77383
77399
77414
77429
77445
77460
77475
77491
77506
77521
77537
77552
77567
77583
77598
77613
77629
77644
77659
77675
77690
77705
77721
77736
77751
77767
77782
77797
77813
77828
77843
77859
77874
77889
77905
77920
77935
77951
77966
77981
77997
78000
78014
78029
78044
78058
78073
78088
78102
78117
78132
78146
78161
78176
78190
78205
78220
78234
78249
78264
78278
78293
78308
78322
78337
78352
78366
78381
78396
78410
78425
78440
78454
78469
78484
78498
78513
78528
78542
78557
78572
78586
78601
78616
78630
78645
78660
78674
78689
78704
78718
78733
78748
78762
78777
78792
78806
78821
78836
78850
78865
78880
78894
78909
78924
78938
78953
78968
78982
78997
79000
79014
79028
79042
79056
79070
79084
79098
79112
79126
79140
79154
79168
79182
79196
79210
79224
79238
79252
79266
79280
79294
79308
79322
79336
79350
79364
79378
79392
79406
79420
79434
79448
79462
79476
79490
79504
79518
79532
79546
79560
79574
79588
79602
79616
79630
79644
79658
79672
79686
79700
79714
79728
79742
79756
79770
79784
79798
79812
79826
79840
79854
79868
79882
79896
79910
79924
79938
79952
79966
79980
79994
80000
80014
80029
80043
80058
80072
80087
80101
80116
80130
80145
80159
80174
80188
80203
80217
80232
80246
80261
80275
80290
80304
80319
80333
80348
80362
80377
80391
80406
80420
80435
80449
80464
80478
80493
80507
80522
80536
80551
80565
80580
80594
80609
80623
80638
80652
80667
80681
80696
80710
80725
80739
80754
80768
80783
80797
80812
80826
80841
80855
80870
80884
80899
80913
80928
80942
80957
80971
80986
81000
81015
81031
81046
81061
81076
81091
81107
81122
81137
81152
81167
81183
81198
81213
81228
81243
81259
81274
81289
81304
81319
81335
81350
81365
81380
81395
81411
81426
81441
81456
81471
81487
81502
81517
81532
81547
81563
81578
81593
81608
81623
81639
81654
81669
81684
81699
81715
81730
81745
81760
81775
81791
81806
81821
81836
81851
81867
81882
81897
81912
81927
81943
81958
81973
81988
82000
82016
82033
82050
82067
82083
82100
82117
82134
82150
82167
82184
82201
82217
82234
82251
82268
82284
82301
82318
82335
82351
82368
82385
82402
82418
82435
82452
82469
82485
82502
82519
82536
82552
82569
82586
82603
82619
82636
82653
82670
82686
82703
82720
82737
82753
82770
82787
82804
82820
82837
82854
82871
82887
82904
82921
82938
82954
82971
82988
83000
83019
83039
83059
83078
83098
83118
83137
83157
83177
83196
83216
83236
83255
83275
83295
83314
83334
83354
83373
83393
83413
83432
83452
83472
83491
83511
83531
83550
83570
83590
83609
83629
83649
83668
83688
83708
83727
83747
83767
83786
83806
83826
83845
83865
83885
83904
83924
83944
83963
83983
84000
84019
84038
84057
84076
84095
84114
84133
84152
84171
84190
84209
84228
84247
84266
84285
84304
84323
84342
84361
84380
84399
84418
84437
84456
84475
84494
84513
84532
84551
84570
84589
84608
84627
84646
84665
84684
84703
84722
84741
84760
84779
84798
84817
84836
84855
84874
84893
84912
84931
84950
84969
84988
86000
86018
86036
86054
86072
86090
86108
86126
86144
86162
86180
86198
86216
86234
86252
86270
86288
86306
86324
86342
86360
86378
86396
86414
86432
86450
86468
86486
86504
86522
86540
86558
86576
86594
86612
86630
86648
86666
86684
86702
86720
86738
86756
86774
86792
86810
86828
86846
86864
86882
86900
86918
86936
86954
86972
86990
87000
87013
87027
87041
87055
87068
87082
87096
87110
87123
87137
87151
87165
87178
87192
87206
87220
87233
87247
87261
87275
87288
87302
87316
87330
87343
87357
87371
87385
87398
87412
87426
87440
87453
87467
87481
87495
87508
87522
87536
87550
87563
87577
87591
87605
87618
87632
87646
87660
87673
87687
87701
87715
87728
87742
87756
87770
87783
87797
87811
87825
87838
87852
87866
87880
87893
87907
87921
87935
87948
87962
87976
87990
88000
88011
88023
88035
88047
88058
88070
88082
88094
88105
88117
88129
88141
88152
88164
88176
88188
88199
88211
88223
88235
88246
88258
88270
88282
88293
88305
88317
88329
88340
88352
88364
88376
88387
88399
88411
88423
88434
88446
88458
88470
88481
88493
88505
88517
88528
88540
88552
88564
88575
88587
88599
88611
88622
88634
88646
88658
88669
88681
88693
88705
88716
88728
88740
88752
88763
88775
88787
88799
88810
88822
88834
88846
88857
88869
88881
88893
88904
88916
88928
88940
88951
88963
88975
88987
88998
89000
89009
89019
89028
89038
89047
89057
89066
89076
89085
89095
89104
89114
89123
89133
89142
89152
89161
89171
89180
89190
89199
89209
89218
89228
89237
89247
89256
89266
89275
89285
89294
89304
89313
89323
89332
89342
89351
89361
89370
89380
89389
89399
89408
89418
89427
89437
89446
89456
89465
89475
89484
89494
89503
89513
89522
89532
89541
89551
89560
89570
89579
89589
89598
89608
89617
89627
89636
89646
89655
89665
89674
89684
89693
89703
89712
89722
89731
89741
89750
89760
89769
89779
89788
89798
89807
89817
89826
89836
89845
89855
89864
89874
89883
89893
89902
89912
89921
89931
89940
89950
89959
89969
89978
89988
89997
90000
90007
90015
90022
90030
90037
90045
90052
90060
90067
90075
90082
90090
90097
90105
90112
90120
90127
90135
90142
90150
90157
90165
90172
90180
90187
90195
90202
90210
90217
90225
90232
90240
90247
90255
90262
90270
90277
90285
90292
90300
90307
90315
90322
90330
90337
90345
90352
90360
90367
90375
90382
90390
90397
90405
90412
90420
90427
90435
90442
90450
90457
90465
90472
90480
90487
90495
90502
90510
90517
90525
90532
90540
90547
90555
90562
90570
90577
90585
90592
90600
90607
90615
90622
90630
90637
90645
90652
90660
90667
90675
90682
90690
90697
90705
90712
90720
90727
90735
90742
90750
90757
90765
90772
90780
90787
90795
90802
90810
90817
90825
90832
90840
90847
90855
90862
90870
90877
90885
90892
90900
90907
90915
90922
90930
90937
90945
90952
90960
90967
90975
90982
90990
90997
91000
91007
91015
91023
91031
91038
91046
91054
91062
91069
91077
91085
91093
91100
91108
91116
91124
91131
91139
91147
91155
91162
91170
91178
91186
91193
91201
91209
91217
91224
91232
91240
91248
91255
91263
91271
91279
91286
91294
91302
91310
91317
91325
91333
91341
91348
91356
91364
91372
91379
91387
91395
91403
91410
91418
91426
91434
91441
91449
91457
91465
91472
91480
91488
91496
91503
91511
91519
91527
91534
91542
91550
91558
91565
91573
91581
91589
91596
91604
91612
91620
91627
91635
91643
91651
91658
91666
91674
91682
91689
91697
91705
91713
91720
91728
91736
91744
91751
91759
91767
91775
91782
91790
91798
91806
91813
91821
91829
91837
91844
91852
91860
91868
91875
91883
91891
91899
91906
91914
91922
91930
91937
91945
91953
91961
91968
91976
91984
91992
91999
92000
92009
92019
92028
92037
92046
92056
92065
92074
92083
92093
92102
92111
92120
92130
92139
92148
92157
92167
92176
92185
92194
92204
92213
92222
92231
92241
92250
92259
92268
92278
92287
92296
92305
92315
92324
92333
92342
92352
92361
92370
92379
92389
92398
92407
92416
92426
92435
92444
92453
92463
92472
92481
92490
92500
92509
92518
92527
92537
92546
92555
92564
92574
92583
92592
92601
92611
92620
92629
92638
92648
92657
92666
92675
92685
92694
92703
92712
92722
92731
92740
92749
92759
92768
92777
92786
92796
92805
92814
92823
92833
92842
92851
92860
92870
92879
92888
92897
92907
92916
92925
92934
92944
92953
92962
92971
92981
92990
92999
93000
93010
93021
93031
93042
93052
93063
93073
93084
93094
93105
93115
93126
93136
93147
93157
93168
93178
93189
93199
93210
93220
93231
93241
93252
93262
93273
93283
93294
93304
93315
93325
93336
93346
93357
93367
93378
93388
93399
93409
93420
93430
93441
93451
93462
93472
93483
93493
93504
93514
93525
93535
93546
93556
93567
93577
93588
93598
93609
93619
93630
93640
93651
93661
93672
93682
93693
93703
93714
93724
93735
93745
93756
93766
93777
93787
93798
93808
93819
93829
93840
93850
93861
93871
93882
93892
93903
93913
93924
93934
93945
93955
93966
93976
93987
93997
94000
94010
94021
94032
94043
94054
94064
94075
94086
94097
94108
94118
94129
94140
94151
94162
94172
94183
94194
94205
94216
94226
94237
94248
94259
94270
94280
94291
94302
94313
94324
94334
94345
94356
94367
94378
94388
94399
94410
94421
94432
94442
94453
94464
94475
94486
94496
94507
94518
94529
94540
94550
94561
94572
94583
94594
94604
94615
94626
94637
94648
94658
94669
94680
94691
94702
94712
94723
94734
94745
94756
94766
94777
94788
94799
94810
94820
94831
94842
94853
94864
94874
94885
94896
94907
94918
94928
94939
94950
94961
94972
94982
94993
95000
95012
95025
95037
95050
95062
95075
95087
95100
95112
95125
95137
95150
95162
95175
95187
95200
95212
95225
95237
95250
95262
95275
95287
95300
95312
95325
95337
95350
95362
95375
95387
95400
95412
95425
95437
95450
95462
95475
95487
95500
95512
95525
95537
95550
95562
95575
95587
95600
95612
95625
95637
95650
95662
95675
95687
95700
95712
95725
95737
95750
95762
95775
95787
95800
95812
95825
95837
95850
95862
95875
95887
95900
95912
95925
95937
95950
95962
95975
95987
97000
97013
97027
97041
97055
97069
97082
97096
97110
97124
97138
97151
97165
97179
97193
97207
97220
97234
97248
97262
97276
97289
97303
97317
97331
97345
97358
97372
97386
97400
97414
97427
97441
97455
97469
97483
97496
97510
97524
97538
97552
97565
97579
97593
97607
97621
97634
97648
97662
97676
97690
97703
97717
97731
97745
97759
97772
97786
97800
97814
97828
97841
97855
97869
97883
97897
97910
97924
97938
97952
97966
97979
97993
98000
98011
98023
98035
98047
98058
98070
98082
98094
98105
98117
98129
98141
98152
98164
98176
98188
98199
98211
98223
98235
98246
98258
98270
98282
98293
98305
98317
98329
98340
98352
98364
98376
98387
98399
98411
98423
98434
98446
98458
98470
98481
98493
98505
98517
98528
98540
98552
98564
98575
98587
98599
98611
98622
98634
98646
98658
98669
98681
98693
98705
98716
98728
98740
98752
98763
98775
98787
98799
98810
98822
98834
98846
98857
98869
98881
98893
98904
98916
98928
98940
98951
98963
98975
98987
98998
99000
99012
99025
99037
99049
99061
99074
99086
99098
99110
99123
99135
99147
99159
99172
99184
99196
99208
99221
99233
99245
99257
99270
99282
99294
99306
99319
99331
99343
99355
99368
99380
99392
99404
99417
99429
99441
99453
99466
99478
99490
99502
99515
99527
99539
99551
99564
99576
99588
99600
99613
99625
99637
99649
99662
99674
99686
99698
99711
99723
99735
99747
99760
99772
99784
99796
99809
99821
99833
99845
99858
99870
99882
99894
99907
99919
99931
99943
99956
99968
99980
99992
100000
100010
100021
100031
100041
100051
100062
100072
100082
100092
100103
100113
100123
100133
100144
100154
100164
100174
100185
100195
100205
100215
100226
100236
100246
100256
100267
100277
100287
100297
100308
100318
100328
100338
100349
100359
100369
100379
100390
100400
100410
100420
100431
100441
100451
100461
100472
100482
100492
100502
100513
100523
100533
100543
100554
100564
100574
100584
100595
100605
100615
100625
100636
100646
100656
100666
100677
100687
100697
100707
100718
100728
100738
100748
100759
100769
100779
100789
100800
100810
100820
100830
100841
100851
100861
100871
100882
100892
100902
100912
100923
100933
100943
100953
100964
100974
100984
100994
101000
101008
101017
101026
101035
101044
101053
101061
101070
101079
101088
101097
101106
101114
101123
101132
101141
101150
101159
101167
101176
101185
101194
101203
101212
101220
101229
101238
101247
101256
101265
101273
101282
101291
101300
101309
101318
101326
101335
101344
101353
101362
101371
101379
101388
101397
101406
101415
101424
101432
101441
101450
101459
101468
101477
101485
101494
101503
101512
101521
101530
101538
101547
101556
101565
101574
101583
101591
101600
101609
101618
101627
101636
101644
101653
101662
101671
101680
101689
101697
101706
101715
101724
101733
101742
101750
101759
101768
101777
101786
101795
101803
101812
101821
101830
101839
101848
101856
101865
101874
101883
101892
101901
101909
101918
101927
101936
101945
101954
101962
101971
101980
101989
101998
102000
102009
102019
102028
102038
102047
102057
102066
102076
102085
102095
102104
102114
102123
102133
102142
102152
102161
102171
102180
102190
102199
102209
102218
102228
102237
102247
102256
102266
102275
102285
102294
102304
102313
102323
102332
102342
102351
102361
102370
102380
102389
102399
102408
102418
102427
102437
102446
102456
102465
102475
102484
102494
102503
102513
102522
102532
102541
102551
102560
102570
102579
102589
102598
102608
102617
102627
102636
102646
102655
102665
102674
102684
102693
102703
102712
102722
102731
102741
102750
102760
102769
102779
102788
102798
102807
102817
102826
102836
102845
102855
102864
102874
102883
102893
102902
102912
102921
102931
102940
102950
102959
102969
102978
102988
102997
103000
103011
103022
103033
103044
103055
103066
103077
103088
103099
103110
103121
103132
103143
103154
103165
103176
103187
103198
103209
103220
103231
103242
103253
103264
103275
103286
103297
103308
103319
103330
103341
103352
103363
103374
103385
103396
103407
103418
103429
103440
103451
103462
103473
103484
103495
103506
103517
103528
103539
103550
103561
103572
103583
103594
103605
103616
103627
103638
103649
103660
103671
103682
103693
103704
103715
103726
103737
103748
103759
103770
103781
103792
103803
103814
103825
103836
103847
103858
103869
103880
103891
103902
103913
103924
103935
103946
103957
103968
103979
103990
104000
104011
104023
104035
104047
104058
104070
104082
104094
104105
104117
104129
104141
104152
104164
104176
104188
104199
104211
104223
104235
104246
104258
104270
104282
104293
104305
104317
104329
104340
104352
104364
104376
104387
104399
104411
104423
104434
104446
104458
104470
104481
104493
104505
104517
104528
104540
104552
104564
104575
104587
104599
104611
104622
104634
104646
104658
104669
104681
104693
104705
104716
104728
104740
104752
104763
104775
104787
104799
104810
104822
104834
104846
104857
104869
104881
104893
104904
104916
104928
104940
104951
104963
104975
104987
104998
105000
105016
105033
105049
105065
105082
105098
105114
105131
105147
105163
105180
105196
105212
105229
105245
105261
105278
105294
105310
105327
105343
105359
105376
105392
105408
105425
105441
105457
105474
105490
105506
105523
105539
105555
105572
105588
105604
105621
105637
105653
105670
105686
105702
105719
105735
105751
105768
105784
105800
105817
105833
105849
105866
105882
105898
105915
105931
105947
105964
105980
105996
106000
106021
106043
106065
106087
106109
106131
106152
106174
106196
106218
106240
106262
106283
106305
106327
106349
106371
106393
106414
106436
106458
106480
106502
106524
106545
106567
106589
106611
106633
106655
106676
106698
106720
106742
106764
106786
106807
106829
106851
106873
106895
106917
106938
106960
106982
107000
107027
107055
107083
107110
107138
107166
107193
107221
107249
107276
107304
107332
107359
107387
107415
107442
107470
107498
107525
107553
107581
107608
107636
107664
107691
107719
107747
107774
107802
107830
107857
107885
107913
107940
107968
107996
108000
108033
108067
108100
108134
108167
108201
108234
108268
108301
108335
108368
108402
108435
108469
108502
108536
108569
108603
108636
108670
108703
108737
108770
108804
108837
108871
108904
108938
108971
109000
109038
109077
109116
109155
109193
109232
109271
109310
109348
109387
109426
109465
109503
109542
109581
109620
109658
109697
109736
109775
109813
109852
109891
109930
109968
111000
111025
111051
111076
111101
111127
111152
111177
111203
111228
111253
111279
111304
111329
111355
111380
111405
111431
111456
111481
111507
111532
111557
111583
111608
111633
111659
111684
111709
111735
111760
111785
111811
111836
111861
111887
111912
111937
111963
111988
112000
112017
112034
112051
112068
112085
112102
112119
112136
112153
112170
112187
112204
112221
112238
112255
112272
112289
112306
112323
112340
112357
112374
112391
112408
112425
112442
112459
112476
112493
112510
112527
112544
112561
112578
112595
112612
112629
112646
112663
112680
112697
112714
112731
112748
112765
112782
112799
112816
112833
112850
112867
112884
112901
112918
112935
112952
112969
112986
113000
113012
113025
113037
113049
113062
113074
113086
113099
113111
113123
113136
113148
113160
113173
113185
113197
113210
113222
113234
113247
113259
113271
113284
113296
113308
113321
113333
113345
113358
113370
113382
113395
113407
113419
113432
113444
113456
113469
113481
113493
113506
113518
113530
113543
113555
113567
113580
113592
113604
113617
113629
113641
113654
113666
113678
113691
113703
113715
113728
113740
113752
113765
113777
113789
113802
113814
113826
113839
113851
113863
113876
113888
113900
113913
113925
113937
113950
113962
113974
113987
113999
114000
114009
114019
114029
114038
114048
114058
114067
114077
114087
114096
114106
114116
114125
114135
114145
114154
114164
114174
114183
114193
114203
114212
114222
114232
114241
114251
114261
114270
114280
114290
114299
114309
114319
114328
114338
114348
114357
114367
114377
114386
114396
114406
114415
114425
114435
114444
114454
114464
114473
114483
114493
114502
114512
114522
114531
114541
114551
114560
114570
114580
114589
114599
114609
114618
114628
114638
114647
114657
114667
114676
114686
114696
114705
114715
114725
114734
114744
114754
114763
114773
114783
114792
114802
114812
114821
114831
114841
114850
114860
114870
114879
114889
114899
114908
114918
114928
114937
114947
114957
114966
114976
114986
114995
115000
115007
115015
115022
115030
115037
115045
115052
115060
115067
115075
115082
115090
115097
115105
115112
115120
115127
115135
115142
115150
115157
115165
115172
115180
115187
115195
115202
115210
115217
115225
115232
115240
115247
115255
115262
115270
115277
115285
115292
115300
115307
115315
115322
115330
115337
115345
115352
115360
115367
115375
115382
115390
115397
115405
115412
115420
115427
115435
115442
115450
115457
115465
115472
115480
115487
115495
115502
115510
115517
115525
115532
115540
115547
115555
115562
115570
115577
115585
115592
115600
115607
115615
115622
115630
115637
115645
115652
115660
115667
115675
115682
115690
115697
115705
115712
115720
115727
115735
115742
115750
115757
115765
115772
115780
115787
115795
115802
115810
115817
115825
115832
115840
115847
115855
115862
115870
115877
115885
115892
115900
115907
115915
115922
115930
115937
115945
115952
115960
115967
115975
115982
115990
115997
116000
116007
116015
116022
116029
116036
116043
116051
116058
116065
116072
116079
116087
116094
116101
116108
116115
116123
116130
116137
116144
116151
116159
116166
116173
116180
116187
116195
116202
116209
116216
116223
116231
116238
116245
116252
116259
116267
116274
116281
116288
116295
116303
116310
116317
116324
116331
116339
116346
116353
116360
116367
116375
116382
116389
116396
116403
116411
116418
116425
116432
116439
116447
116454
116461
116468
116475
116483
116490
116497
116504
116511
116519
116526
116533
116540
116547
116555
116562
116569
116576
116583
116591
116598
116605
116612
116619
116627
116634
116641
116648
116655
116663
116670
116677
116684
116691
116699
116706
116713
116720
116727
116735
116742
116749
116756
116763
116771
116778
116785
116792
116799
116807
116814
116821
116828
116835
116843
116850
116857
116864
116871
116879
116886
116893
116900
116907
116915
116922
116929
116936
116943
116951
116958
116965
116972
116979
116987
116994
117000
117006
117013
117020
117026
117033
117040
117046
117053
117060
117066
117073
117080
117086
117093
117100
117106
117113
117120
117126
117133
117140
117146
117153
117160
117166
117173
117180
117186
117193
117200
117206
117213
117220
117226
117233
117240
117246
117253
117260
117266
117273
117280
117286
117293
117300
117306
117313
117320
117326
117333
117340
117346
117353
117360
117366
117373
117380
117386
117393
117400
117406
117413
117420
117426
117433
117440
117446
117453
117460
117466
117473
117480
117486
117493
117500
117506
117513
117520
117526
117533
117540
117546
117553
117560
117566
117573
117580
117586
117593
117600
117606
117613
117620
117626
117633
117640
117646
117653
117660
117666
117673
117680
117686
117693
117700
117706
117713
117720
117726
117733
117740
117746
117753
117760
117766
117773
117780
117786
117793
117800
117806
117813
117820
117826
117833
117840
117846
117853
117860
117866
117873
117880
117886
117893
117900
117906
117913
117920
117926
117933
117940
117946
117953
117960
117966
117973
117980
117986
117993
118000
118006
118013
118019
118026
118032
118039
118045
118052
118058
118065
118071
118078
118084
118091
118097
118104
118110
118117
118123
118130
118136
118143
118149
118156
118162
118169
118175
118182
118188
118195
118201
118208
118214
118221
118227
118234
118240
118247
118253
118260
118266
118273
118279
118286
118292
118299
118305
118312
118318
118325
118331
118338
118344
118351
118357
118364
118370
118377
118383
118390
118396
118403
118409
118416
118422
118429
118435
118442
118448
118455
118461
118468
118474
118481
118487
118494
118500
118507
118513
118520
118526
118533
118539
118546
118552
118559
118565
118572
118578
118585
118591
118598
118604
118611
118617
118624
118630
118637
118643
118650
118656
118663
118669
118676
118682
118689
118695
118702
118708
118715
118721
118728
118734
118741
118747
118754
118760
118767
118773
118780
118786
118793
118799
118806
118812
118819
118825
118832
118838
118845
118851
118858
118864
118871
118877
118884
118890
118897
118903
118910
118916
118923
118929
118936
118942
118949
118955
118962
118968
118975
118981
118988
118994
119000
119007
119015
119022
119029
119037
119044
119051
119059
119066
119073
119081
119088
119095
119103
119110
119117
119125
119132
119139
119147
119154
119161
119169
119176
119183
119191
119198
119205
119213
119220
119227
119235
119242
119249
119257
119264
119271
119279
119286
119293
119301
119308
119315
119323
119330
119337
119345
119352
119359
119367
119374
119381
119389
119396
119403
119411
119418
119425
119433
119440
119447
119455
119462
119469
119477
119484
119491
119499
119506
119513
119521
119528
119535
119543
119550
119557
119565
119572
119579
119587
119594
119601
119609
119616
119623
119631
119638
119645
119653
119660
119667
119675
119682
119689
119697
119704
119711
119719
119726
119733
119741
119748
119755
119763
119770
119777
119785
119792
119799
119807
119814
119821
119829
119836
119843
119851
119858
119865
119873
119880
119887
119895
119902
119909
119917
119924
119931
119939
119946
119953
119961
119968
119975
119983
119990
119997
120000
120007
120015
120023
120030
120038
120046
120053
120061
120069
120076
120084
120092
120099
120107
120115
120122
120130
120138
120145
120153
120161
120168
120176
120184
120191
120199
120207
120214
120222
120230
120237
120245
120253
120260
120268
120276
120283
120291
120299
120306
120314
120322
120329
120337
120345
120352
120360
120368
120375
120383
120391
120398
120406
120414
120421
120429
120437
120444
120452
120460
120467
120475
120483
120490
120498
120506
120513
120521
120529
120536
120544
120552
120559
120567
120575
120582
120590
120598
120605
120613
120621
120628
120636
120644
120651
120659
120667
120674
120682
120690
120697
120705
120713
120720
120728
120736
120743
120751
120759
120766
120774
120782
120789
120797
120805
120812
120820
120828
120835
120843
120851
120858
120866
120874
120881
120889
120897
120904
120912
120920
120927
120935
120943
120950
120958
120966
120973
120981
120989
120996
121000
121007
121015
121023
121031
121039
121047
121054
121062
121070
121078
121086
121094
121101
121109
121117
121125
121133
121141
121148
121156
121164
121172
121180
121188
121195
121203
121211
121219
121227
121235
121242
121250
121258
121266
121274
121282
121289
121297
121305
121313
121321
121329
121336
121344
121352
121360
121368
121376
121383
121391
121399
121407
121415
121423
121430
121438
121446
121454
121462
121470
121477
121485
121493
121501
121509
121517
121524
121532
121540
121548
121556
121564
121571
121579
121587
121595
121603
121611
121618
121626
121634
121642
121650
121658
121665
121673
121681
121689
121697
121705
121712
121720
121728
121736
121744
121752
121759
121767
121775
121783
121791
121799
121806
121814
121822
121830
121838
121846
121853
121861
121869
121877
121885
121893
121900
121908
121916
121924
121932
121940
121947
121955
121963
121971
121979
121987
121994
122000
122008
122017
122025
122034
122042
122051
122059
122068
122076
122085
122093
122102
122110
122119
122127
122136
122144
122153
122161
122170
122178
122187
122195
122204
122212
122221
122229
122238
122246
122255
122263
122272
122280
122289
122297
122306
122314
122323
122331
122340
122348
122357
122365
122374
122382
122391
122399
122408
122416
122425
122433
122442
122450
122459
122467
122476
122484
122493
122501
122510
122518
122527
122535
122544
122552
122561
122569
122578
122586
122595
122603
122612
122620
122629
122637
122646
122654
122663
122671
122680
122688
122697
122705
122714
122722
122731
122739
122748
122756
122765
122773
122782
122790
122799
122807
122816
122824
122833
122841
122850
122858
122867
122875
122884
122892
122901
122909
122918
122926
122935
122943
122952
122960
122969
122977
122986
122994
123000
123010
123021
123031
123041
123051
123062
123072
123082
123092
123103
123113
123123
123133
123144
123154
123164
123174
123185
123195
123205
123215
123226
123236
123246
123256
123267
123277
123287
123297
123308
123318
123328
123338
123349
123359
123369
123379
123390
123400
123410
123420
123431
123441
123451
123461
123472
123482
123492
123502
123513
123523
123533
123543
123554
123564
123574
123584
123595
123605
123615
123625
123636
123646
123656
123666
123677
123687
123697
123707
123718
123728
123738
123748
123759
123769
123779
123789
123800
123810
123820
123830
123841
123851
123861
123871
123882
123892
123902
123912
123923
123933
123943
123953
123964
123974
123984
123994
124000
124010
124021
124032
124043
124054
124065
124076
124086
124097
124108
124119
124130
124141
124152
124162
124173
124184
124195
124206
124217
124228
124238
124249
124260
124271
124282
124293
124304
124314
124325
124336
124347
124358
124369
124380
124390
124401
124412
124423
124434
124445
124456
124466
124477
124488
124499
124510
124521
124532
124542
124553
124564
124575
124586
124597
124608
124618
124629
124640
124651
124662
124673
124684
124694
124705
124716
124727
124738
124749
124760
124770
124781
124792
124803
124814
124825
124836
124846
124857
124868
124879
124890
124901
124912
124922
124933
124944
124955
124966
124977
124988
124998
125000
125013
125026
125039
125052
125065
125078
125091
125104
125117
125130
125143
125156
125169
125182
125195
125208
125221
125234
125247
125260
125273
125286
125299
125312
125325
125338
125351
125364
125377
125390
125403
125416
125429
125442
125455
125468
125481
125494
125507
125520
125533
125546
125559
125572
125585
125598
125611
125624
125637
125650
125663
125676
125689
125702
125715
125728
125741
125754
125767
125780
125793
125806
125819
125832
125845
125858
125871
125884
125897
125910
125923
125936
125949
125962
125975
125988
126000
126017
126034
126051
126068
126085
126102
126119
126136
126153
126170
126187
126204
126221
126238
126255
126272
126289
126306
126323
126340
126357
126374
126391
126408
126425
126442
126459
126476
126493
126510
126527
126544
126561
126578
126595
126612
126629
126646
126663
126680
126697
126714
126731
126748
126765
126782
126799
126816
126833
126850
126867
126884
126901
126918
126935
126952
126969
126986
127000
127024
127049
127073
127098
127122
127147
127171
127196
127220
127245
127269
127294
127318
127343
127367
127392
127416
127441
127465
127490
127514
127539
127563
127588
127612
127637
127661
127686
127710
127735
127759
127784
127808
127833
127857
127882
127906
127931
127955
127980
128000
128019
128039
128058
128078
128097
128117
128136
128156
128175
128195
128214
128234
128253
128273
128292
128312
128331
128351
128370
128390
128409
128429
128448
128468
128487
128507
128526
128546
128565
128585
128604
128624
128643
128663
128682
128702
128721
128741
128760
128780
128799
128819
128838
128858
128877
128897
128916
128936
128955
128975
128994
129000
129018
129036
129054
129072
129090
129108
129126
129144
129162
129180
129198
129216
129234
129252
129270
129288
129306
129324
129342
129360
129378
129396
129414
129432
129450
129468
129486
129504
129522
129540
129558
129576
129594
129612
129630
129648
129666
129684
129702
129720
129738
129756
129774
129792
129810
129828
129846
129864
129882
129900
129918
129936
129954
129972
129990
130000
130015
130030
130045
130060
130075
130090
130105
130120
130135
130150
130165
130180
130195
130210
130225
130240
130255
130270
130285
130300
130315
130330
130345
130360
130375
130390
130405
130420
130435
130450
130465
130480
130495
130510
130525
130540
130555
130570
130585
130600
130615
130630
130645
130660
130675
130690
130705
130720
130735
130750
130765
130780
130795
130810
130825
130840
130855
130870
130885
130900
130915
130930
130945
130960
130975
130990
131000
131011
131023
131035
131046
131058
131070
131081
131093
131105
131116
131128
131140
131151
131163
131175
131186
131198
131210
131221
131233
131245
131256
131268
131280
131291
131303
131315
131326
131338
131350
131361
131373
131385
131396
131408
131420
131431
131443
131455
131466
131478
131490
131501
131513
131525
131536
131548
131560
131571
131583
131595
131606
131618
131630
131641
131653
131665
131676
131688
131700
131711
131723
131735
131746
131758
131770
131781
131793
131805
131816
131828
131840
131851
131863
131875
131886
131898
131910
131921
131933
131945
131956
131968
131980
131991
132000
132011
132023
132034
132046
132057
132069
132080
132092
132103
132115
132126
132138
132149
132161
132172
132184
132195
132207
132218
132230
132241
132253
132264
132276
132287
132299
132310
132322
132333
132345
132356
132368
132379
132391
132402
132414
132425
132437
132448
132460
132471
132483
132494
132506
132517
132529
132540
132552
132563
132575
132586
132598
132609
132621
132632
132644
132655
132667
132678
132690
132701
132713
132724
132736
132747
132759
132770
132782
132793
132805
132816
132828
132839
132851
132862
132874
132885
132897
132908
132920
132931
132943
132954
132966
132977
132989
133000
133017
133035
133053
133070
133088
133106
133123
133141
133159
133176
133194
133212
133229
133247
133265
133282
133300
133318
133335
133353
133371
133388
133406
133424
133441
133459
133477
133494
133512
133530
133547
133565
133583
133600
133618
133636
133653
133671
133689
133706
133724
133742
133759
133777
133795
133812
133830
133848
133865
133883
133901
133918
133936
133954
133971
133989
