0
102
205
308
410
513
616
718
821
924
1000
1100
1201
1301
1401
1502
1602
1702
1803
1903
2000
2102
2205
2307
2410
2512
2615
2717
2820
2922
3000
3108
3216
3324
3432
3540
3648
3756
3864
3972
4000
4107
4215
4322
4430
4537
4645
4752
4860
4967
5000
5097
5195
5293
5391
5488
5586
5684
5782
5879
5977
6000
6092
6185
6277
6369
6461
6554
6646
6738
6830
6923
7000
7080
7160
7240
7320
7400
7480
7560
7640
7720
7800
7880
7960
8000
8075
8151
8226
8302
8377
8453
8528
8604
8679
8755
8830
8906
8981
9000
9068
9137
9206
9274
9343
9412
9480
9549
9618
9686
9755
9824
9892
9961
10000
10072
10145
10217
10289
10362
10434
10506
10579
10651
10723
10796
10868
10940
11000
11069
11139
11208
11278
11347
11417
11486
11556
11625
11695
11764
11834
11903
11973
12000
12069
12138
12207
12276
12345
12414
12483
12552
12621
12690
12759
12828
12897
12966
13000
13069
13139
13208
13277
13347
13416
13485
13555
13624
13693
13763
13832
13901
13971
14000
14068
14137
14206
14275
14343
14412
14481
14550
14618
14687
14756
14825
14893
14962
15000
15070
15141
15211
15281
15351
15422
15492
15562
15632
15703
15773
15843
15913
15984
16000
16072
16145
16217
16290
16362
16435
16507
16580
16652
16725
16797
16870
16942
17000
17072
17145
17217
17289
17361
17434
17506
17578
17650
17723
17795
17867
17939
18000
18075
18150
18225
18300
18375
18450
18525
18600
18675
18750
18825
18900
18975
19000
19083
19167
19251
19334
19418
19502
19585
19669
19753
19836
19920
20000
20093
20187
20280
20373
20467
20560
20653
20747
20840
20933
21000
21102
21205
21307
21409
21511
21613
21716
21818
21920
22000
22106
22213
22319
22426
22532
22639
22745
22852
22958
23000
23109
23219
23329
23438
23548
23658
23767
23877
23987
24000
24109
24219
24328
24437
24547
24656
24765
24875
24984
25000
25110
25221
25331
25442
25552
25663
25773
25884
25994
26000
26099
26199
26298
26398
26497
26597
26696
26796
26895
26995
27000
27094
27189
27284
27379
27474
27568
27663
27758
27853
27948
28000
28087
28175
28263
28350
28438
28526
28613
28701
28789
28876
28964
29000
29082
29165
29247
29329
29411
29494
29576
29658
29740
29823
29905
29987
30000
30081
30163
30244
30326
30407
30489
30570
30652
30733
30815
30896
30978
31000
31080
31161
31242
31323
31404
31485
31565
31646
31727
31808
31889
31970
32000
32081
32163
32245
32327
32408
32490
32572
32654
32735
32817
32899
32981
33000
33087
33175
33262
33349
33437
33524
33611
33699
33786
33873
33961
34000
34088
34177
34266
34355
34444
34533
34622
34711
34800
34889
34977
35000
35090
35180
35270
35360
35450
35540
35630
35720
35810
35900
35990
36000
36091
36183
36274
36365
36456
36548
36639
36730
36821
36913
37000
37084
37169
37254
37339
37424
37508
37593
37678
37763
37848
37932
38000
38079
38159
38239
38319
38399
38479
38559
38639
38718
38798
38878
38958
39000
39069
39139
39209
39279
39348
39418
39488
39558
39627
39697
39767
39837
39906
39976
40000
40062
40125
40188
40250
40313
40376
40438
40501
40564
40626
40689
40752
40814
40877
40940
41000
41060
41120
41180
41240
41300
41360
41420
41480
41540
41600
41660
41720
41780
41840
41900
41960
42000
42055
42111
42166
42222
42277
42333
42388
42444
42499
42555
42610
42666
42721
42777
42832
42888
42943
42999
43000
43057
43115
43173
43231
43289
43346
43404
43462
43520
43578
43635
43693
43751
43809
43867
43924
43982
44000
44058
44117
44175
44234
44292
44351
44409
44468
44526
44585
44643
44702
44760
44819
44877
44936
44994
45000
45061
45123
45184
45245
45307
45368
45429
45491
45552
45613
45675
45736
45797
45859
45920
45981
46000
46064
46129
46193
46258
46322
46387
46451
46516
46580
46645
46709
46774
46838
46903
46967
47000
47061
47123
47185
47247
47309
47370
47432
47494
47556
47618
47679
47741
47803
47865
47927
47988
48000
48063
48127
48191
48254
48318
48382
48445
48509
48573
48636
48700
48764
48827
48891
48955
49000
49062
49125
49188
49251
49313
49376
49439
49502
49564
49627
49690
49753
49815
49878
49941
50000
50061
50123
50185
50247
50309
50371
50432
50494
50556
50618
50680
50742
50803
50865
50927
50989
51000
51065
51130
51195
51260
51325
51390
51455
51520
51585
51650
51715
51780
51845
51910
51975
52000
52064
52129
52194
52258
52323
52388
52452
52517
52582
52646
52711
52776
52840
52905
52970
53000
53060
53121
53182
53243
53304
53365
53426
53487
53547
53608
53669
53730
53791
53852
53913
53974
54000
54061
54123
54184
54245
54306
54367
54429
54490
54551
54612
54673
54735
54796
54857
54918
54979
55000
55060
55121
55181
55242
55302
55363
55423
55484
55544
55605
55665
55726
55786
55847
55907
55968
56000
56061
56123
56184
56245
56307
56368
56429
56491
56552
56613
56675
56736
56797
56859
56920
56981
57000
57058
57117
57175
57233
57292
57350
57408
57467
57525
57583
57642
57700
57758
57817
57875
57933
57992
58000
58053
58107
58160
58213
58266
58319
58373
58426
58479
58532
58585
58639
58692
58745
58798
58851
58905
58958
59000
59051
59102
59153
59204
59255
59306
59357
59408
59459
59510
59561
59612
59663
59714
59765
59816
59867
59918
59969
60000
60046
60093
60140
60187
60234
60280
60327
60374
60421
60468
60514
60561
60608
60655
60702
60748
60795
60842
60889
60936
60982
61000
61040
61081
61122
61163
61204
61244
61285
61326
61367
61408
61448
61489
61530
61571
61612
61652
61693
61734
61775
61816
61856
61897
61938
61979
62000
62038
62076
62114
62152
62190
62228
62266
62304
62342
62380
62418
62456
62494
62532
62570
62608
62646
62684
62722
62760
62798
62836
62874
62912
62950
62988
63000
63037
63075
63112
63150
63187
63225
63262
63300
63337
63375
63412
63450
63487
63525
63562
63600
63637
63675
63712
63750
63787
63825
63862
63900
63937
63975
64000
64039
64079
64119
64158
64198
64238
64277
64317
64357
64396
64436
64476
64515
64555
64595
64634
64674
64714
64753
64793
64833
64872
64912
64952
64991
65000
65041
65083
65125
65167
65209
65251
65293
65334
65376
65418
65460
65502
65544
65586
65627
65669
65711
65753
65795
65837
65879
65920
65962
66000
66045
66091
66136
66182
66227
66273
66318
66364
66409
66455
66500
66546
66591
66637
66682
66728
66773
66819
66864
66910
66955
67000
67046
67093
67140
67186
67233
67280
67326
67373
67420
67466
67513
67560
67606
67653
67700
67746
67793
67840
67886
67933
67980
68000
68049
68099
68148
68198
68247
68297
68346
68396
68445
68495
68544
68594
68643
68693
68742
68792
68841
68891
68940
68990
69000
69052
69105
69157
69209
69262
69314
69366
69419
69471
69523
69576
69628
69680
69733
69785
69837
69890
69942
69994
70000
70052
70105
70158
70210
70263
70316
70368
70421
70474
70526
70579
70632
70684
70737
70790
70842
70895
70948
71000
71065
71131
71196
71261
71327
71392
71457
71523
71588
71653
71719
71784
71849
71915
71980
72000
72062
72125
72188
72251
72314
72377
72440
72503
72566
72628
72691
72754
72817
72880
72943
73000
73058
73117
73175
73233
73292
73350
73408
73467
73525
73583
73642
73700
73758
73817
73875
73933
73992
74000
74057
74115
74172
74229
74287
74344
74401
74459
74516
74573
74631
74688
74745
74803
74860
74917
74975
75000
75054
75109
75164
75218
75273
75328
75382
75437
75492
75546
75601
75656
75710
75765
75820
75874
75929
75984
76000
76046
76093
76139
76186
76232
76279
76325
76372
76418
76465
76511
76558
76604
76651
76697
76744
76790
76837
76883
76930
76976
77000
77048
77097
77146
77194
77243
77292
77340
77389
77438
77486
77535
77584
77632
77681
77730
77778
77827
77876
77924
77973
78000
78054
78109
78163
78217
78272
78326
78380
78435
78489
78543
78598
78652
78706
78761
78815
78869
78924
78978
79000
79066
79133
79200
79267
79334
79401
79468
79534
79601
79668
79735
79802
79869
79936
80000
80084
80168
80252
80336
80420
80504
80588
80672
80756
80840
80924
81000
81097
81195
81292
81390
81487
81585
81682
81780
81877
81975
82000
82125
82250
82375
82500
82625
82750
82875
83000
83118
83237
83356
83474
83593
83712
83830
83949
84000
84104
84209
84314
84418
84523
84628
84732
84837
84942
85000
85081
85163
85244
85325
85406
85487
85569
85650
85731
85812
85893
85975
86000
86061
86122
86183
86244
86305
86366
86427
86488
86549
86610
86671
86732
86793
86854
86915
86976
87000
87052
87105
87157
87210
87262
87315
87367
87420
87472
87525
87577
87630
87682
87735
87787
87840
87892
87945
87997
88000
88046
88093
88140
88187
88234
88280
88327
88374
88421
88468
88514
88561
88608
88655
88702
88748
88795
88842
88889
88936
88982
89000
89044
89089
89133
89178
89222
89267
89311
89356
89400
89445
89489
89534
89578
89623
89667
89712
89756
89801
89845
89890
89934
89979
90000
90044
90089
90134
90179
90224
90268
90313
90358
90403
90448
90492
90537
90582
90627
90672
90716
90761
90806
90851
90896
90940
90985
91000
91055
91111
91166
91222
91277
91333
91388
91444
91499
91555
91610
91666
91721
91777
91832
91888
91943
91999
92000
92055
92110
92165
92220
92275
92330
92385
92440
92495
92550
92605
92660
92715
92770
92825
92880
92935
92990
93000
93058
93117
93175
93234
93292
93351
93409
93468
93526
93585
93643
93702
93760
93819
93877
93936
93994
94000
94055
94111
94166
94222
94277
94333
94388
94444
94499
94555
94610
94666
94721
94777
94832
94888
94943
94999
95000
95054
95109
95164
95219
95273
95328
95383
95438
95492
95547
95602
95657
95711
95766
95821
95876
95930
95985
96000
96045
96091
96136
96181
96227
96272
96317
96363
96408
96453
96499
96544
96589
96635
96680
96725
96771
96816
96861
96907
96952
96997
97000
97045
97091
97136
97181
97227
97272
97317
97363
97408
97453
97499
97544
97589
97635
97680
97725
97771
97816
97861
97907
97952
97997
98000
98043
98087
98131
98175
98219
98262
98306
98350
98394
98438
98481
98525
98569
98613
98657
98700
98744
98788
98832
98876
98919
98963
99000
99045
99091
99137
99182
99228
99274
99319
99365
99411
99456
99502
99548
99593
99639
99685
99730
99776
99822
99867
99913
99959
100000
100047
100095
100142
100189
100236
100284
100331
100378
100425
100473
100520
100567
100614
100662
100709
100756
100803
100851
100898
100945
100992
101000
101050
101101
101151
101201
101251
101301
101352
101402
101452
101502
101552
101603
101653
101703
101753
101803
101854
101904
101954
102000
102054
102109
102164
102219
102273
102328
102383
102438
102492
102547
102602
102657
102711
102766
102821
102876
102930
102985
103000
103053
103107
103160
103214
103267
103321
103374
103428
103481
103535
103588
103642
103695
103749
103802
103856
103909
103963
104000
104053
104107
104161
104215
104269
104322
104376
104430
104484
104538
104591
104645
104699
104753
104807
104860
104914
104968
105000
105052
105105
105157
105209
105262
105314
105366
105419
105471
105523
105576
105628
105680
105733
105785
105837
105890
105942
105994
106000
106050
106101
106152
106202
106253
106304
106354
106405
106456
106506
106557
106608
106658
106709
106760
106810
106861
106912
106962
107000
107047
107095
107142
107190
107237
107285
107332
107380
107427
107475
107522
107570
107617
107665
107712
107760
107807
107855
107902
107950
107997
108000
108042
108085
108128
108170
108213
108256
108298
108341
108384
108426
108469
108512
108554
108597
108640
108682
108725
108768
108810
108853
108896
108938
108981
109000
109039
109079
109119
109158
109198
109238
109277
109317
109357
109396
109436
109476
109515
109555
109595
109634
109674
109714
109753
109793
109833
109872
109912
109952
109991
110000
110039
110078
110117
110156
110195
110234
110273
110312
110351
110390
110429
110468
110507
110546
110585
110624
110663
110702
110741
110780
110819
110858
110897
110936
110975
111000
111040
111081
111121
111162
111202
111243
111283
111324
111364
111405
111445
111486
111526
111567
111607
111648
111688
111729
111769
111810
111850
111891
111931
111972
112000
112044
112089
112134
112178
112223
112268
112312
112357
112402
112446
112491
112536
112580
112625
112670
112714
112759
112804
112848
112893
112938
112982
113000
113046
113093
113140
113186
113233
113280
113326
113373
113420
113466
113513
113560
113606
113653
113700
113746
113793
113840
113886
113933
113980
114000
114052
114105
114158
114211
114263
114316
114369
114422
114474
114527
114580
114633
114685
114738
114791
114844
114896
114949
115000
115054
115109
115164
115219
115274
115329
115383
115438
115493
115548
115603
115658
115712
115767
115822
115877
115932
115987
116000
116056
116113
116169
116225
116282
116338
116394
116451
116507
116563
116620
116676
116732
116789
116845
116901
116958
117000
117052
117104
117156
117208
117260
117312
117364
117416
117468
117520
117572
117624
117676
117728
117780
117832
117884
117936
117988
118000
118052
118105
118157
118210
118262
118315
118367
118420
118472
118525
118577
118630
118682
118735
118787
118840
118892
118945
118997
119000
119051
119103
119154
119205
119257
119308
119359
119411
119462
119513
119565
119616
119667
119719
119770
119821
119873
119924
119975
120000
120050
120101
120152
120203
120254
120304
120355
120406
120457
120508
120558
120609
120660
120711
120762
120812
120863
120914
120965
121000
121050
121100
121150
121200
121250
121300
121350
121400
121450
121500
121550
121600
121650
121700
121750
121800
121850
121900
121950
122000
122048
122097
122146
122194
122243
122292
122340
122389
122438
122486
122535
122584
122632
122681
122730
122778
122827
122876
122924
122973
123000
123049
123099
123149
123198
123248
123298
123347
123397
123447
123496
123546
123596
123645
123695
123745
123794
123844
123894
123943
123993
124000
124050
124101
124152
124203
124254
124305
124356
124406
124457
124508
124559
124610
124661
124712
124762
124813
124864
124915
124966
125000
125051
125103
125155
125207
125258
125310
125362
125414
125465
125517
125569
125621
125672
125724
125776
125828
125879
125931
125983
126000
126054
126109
126163
126217
126272
126326
126380
126435
126489
126543
126598
126652
126706
126761
126815
126869
126924
126978
127000
127055
127111
127166
127221
127276
127332
127387
127442
127497
127553
127608
127663
127718
127774
127829
127884
127939
127995
128000
128056
128113
128169
128225
128281
128338
128394
128450
128506
128563
128619
128675
128731
128788
128844
128900
128956
129000
129057
129115
129173
129230
129288
129346
129403
129461
129519
129576
129634
129692
129749
129807
129865
129922
129980
130000
130060
130120
130180
130240
130300
130360
130420
130480
130540
130600
130660
130720
130780
130840
130900
130960
131000
131060
131121
131182
131242
131303
131364
131424
131485
131546
131606
131667
131728
131788
131849
131910
131970
132000
132062
132124
132186
132248
132310
132372
132434
132496
132558
132620
132682
132744
132806
132868
132930
132992
133000
133060
133121
133181
133241
133302
133362
133422
133483
133543
133603
133664
133724
133784
133845
133905
133965
134000
134062
134125
134187
134249
134312
134374
134436
134499
134561
134623
134686
134748
134810
134873
134935
134997
135000
135065
135131
135197
135262
135328
135394
135459
135525
135591
135656
135722
135788
135853
135919
135985
136000
136070
136141
136211
136282
136352
136423
136493
136564
136634
136705
136775
136846
136916
136987
137000
137079
137159
137238
137317
137397
137476
137555
137635
137714
137793
137873
137952
138000
138081
138163
138245
138326
138408
138490
138571
138653
138735
138816
138898
138980
139000
139082
139164
139246
139328
139410
139492
139574
139656
139738
139820
139902
139984
140000
140082
140165
140247
140330
140412
140495
140577
140660
140742
140825
140907
140990
141000
141077
141155
141232
141309
141386
141464
141541
141618
141695
141773
141850
141927
142000
142078
142157
142236
142315
142394
142472
142551
142630
142709
142788
142866
142945
143000
143073
143147
143220
143293
143367
143440
143513
143587
143660
143733
143807
143880
143953
144000
144072
144145
144217
144289
144361
144433
144506
144578
144650
144722
144794
144867
144939
145000
145068
145137
145205
145274
145342
145411
145479
145548
145616
145685
145753
145822
145890
145959
146000
146066
146133
146200
146266
146333
146400
146466
146533
146600
146666
146733
146800
146866
146933
147000
147068
147137
147206
147275
147344
147413
147481
147550
147619
147688
147757
147826
147894
147963
148000
148065
148131
148197
148263
148329
148394
148460
148526
148592
148658
148723
148789
148855
148921
148987
149000
149063
149127
149190
149253
149316
149379
149443
149506
149569
149632
149695
149759
149822
149885
149948
150000
150064
150128
150192
150256
150320
150384
150448
150512
150576
150640
150704
150768
150832
150896
150960
151000
151062
151125
151187
151249
151311
151374
151436
151498
151560
151623
151685
151747
151809
151872
151934
151996
152000
152059
152119
152179
152238
152298
152358
152417
152477
152537
152596
152656
152716
152775
152835
152895
152954
153000
153061
153123
153185
153247
153309
153371
153433
153494
153556
153618
153680
153742
153804
153866
153927
153989
154000
154060
154121
154181
154241
154301
154362
154422
154482
154542
154603
154663
154723
154783
154844
154904
154964
155000
155060
155121
155181
155241
155302
155362
155422
155483
155543
155603
155664
155724
155784
155845
155905
155965
156000
156062
156124
156186
156248
156310
156372
156434
156496
156558
156620
156682
156744
156806
156868
156930
156992
157000
157064
157128
157192
157256
157320
157384
157448
157512
157576
157640
157704
157768
157832
157896
157960
158000
158071
158143
158215
158287
158359
158431
158503
158575
158647
158718
158790
158862
158934
159000
159084
159169
159253
159338
159422
159507
159591
159676
159760
159845
159929
160000
160111
160223
160335
160447
160558
160670
160782
160894
161000
161129
161259
161388
161517
161646
161775
161905
162000
162134
162269
162404
162538
162673
162808
162942
163000
163143
163287
163431
163575
163719
163863
164000
164141
164283
164425
164567
164709
164851
164993
165000
165142
165285
165427
165569
165712
165854
165996
166000
166126
166253
166380
166507
166634
166761
166887
167000
167118
167237
167355
167473
167592
167710
167828
167947
168000
168095
168191
168287
168383
168479
168574
168670
168766
168862
168958
169000
169072
169144
169216
169288
169360
169432
169504
169576
169648
169720
169792
169864
169936
170000
170048
170097
170146
170194
170243
170292
170340
170389
170438
170486
170535
170584
170632
170681
170730
170778
170827
170876
170924
170973
171000
171033
171067
171101
171135
171169
171203
171237
171271
171305
171339
171372
171406
171440
171474
171508
171542
171576
171610
171644
171678
171711
171745
171779
171813
171847
171881
171915
171949
171983
172000
172025
172051
172076
172101
172127
172152
172177
172203
172228
172253
172279
172304
172329
172355
172380
172405
172431
172456
172481
172507
172532
172557
172583
172608
172633
172659
172684
172709
172735
172760
172785
172811
172836
172861
172887
172912
172937
172963
172988
173000
173022
173045
173067
173089
173112
173134
173156
173179
173201
173223
173246
173268
173290
173313
173335
173357
173380
173402
173424
173447
173469
173491
173514
173536
173558
173581
173603
173625
173648
173670
173692
173715
173737
173759
173782
173804
173826
173849
173871
173893
173916
173938
173960
173983
174000
174020
174041
174061
174082
174102
174123
174143
174164
174184
174205
174225
174246
174266
174287
174307
174328
174348
174369
174389
174410
174430
174451
174471
174492
174512
174533
174553
174574
174594
174615
174635
174656
174676
174697
174717
174738
174758
174779
174799
174820
174840
174861
174881
174902
174922
174943
174963
174984
175000
175019
175039
175059
175078
175098
175118
175137
175157
175177
175196
175216
175236
175255
175275
175295
175314
175334
175354
175373
175393
175413
175432
175452
175472
175491
175511
175531
175550
175570
175590
175609
175629
175649
175668
175688
175708
175727
175747
175767
175786
175806
175826
175845
175865
175885
175904
175924
175944
175963
175983
176000
176021
176042
176063
176084
176105
176126
176147
176168
176189
176210
176231
176252
176273
176294
176315
176336
176357
176378
176399
176420
176441
176462
176483
176504
176525
176546
176567
176588
176609
176630
176651
176672
176693
176714
176735
176756
176777
176798
176819
176840
176861
176882
176903
176924
176945
176966
176987
177000
177023
177047
177070
177093
177116
177140
177163
177186
177209
177233
177256
177279
177302
177326
177349
177372
177395
177419
177442
177465
177488
177512
177535
177558
177581
177605
177628
177651
177674
177698
177721
177744
177767
177791
177814
177837
177860
177884
177907
177930
177953
177977
178000
178025
178051
178076
178102
178127
178153
178178
178204
178229
178255
178280
178306
178331
178357
178382
178408
178433
178459
178484
178510
178535
178561
178586
178612
178637
178663
178688
178714
178739
178765
178790
178816
178841
178867
178892
178918
178943
178969
178994
179000
179029
179059
179088
179118
179147
179177
179206
179236
179265
179295
179324
179354
179383
179413
179442
179472
179501
179531
179560
179590
179619
179649
179678
179708
179737
179767
179796
179826
179855
179885
179914
179944
179973
180000
180033
180067
180100
180134
180167
180201
180234
180268
180301
180335
180368
180402
180435
180469
180502
180536
180569
180603
180636
180670
180703
180737
180770
180804
180837
180871
180904
180938
180971
181000
181038
181077
181115
181153
181192
181230
181268
181307
181345
181383
181422
181460
181498
181537
181575
181613
181652
181690
181728
181767
181805
181843
181882
181920
181958
181997
182000
182040
182080
182120
182160
182200
182240
182280
182320
182360
182400
182440
182480
182520
182560
182600
182640
182680
182720
182760
182800
182840
182880
182920
182960
183000
183044
183088
183132
183176
183220
183264
183308
183352
183396
183440
183484
183528
183572
183616
183660
183704
183748
183792
183836
183880
183924
183968
184000
184046
184093
184139
184185
184231
184278
184324
184370
184416
184463
184509
184555
184601
184648
184694
184740
184786
184833
184879
184925
184971
185000
185050
185101
185151
185202
185252
185303
185353
185404
185454
185505
185555
185606
185656
185707
185757
185808
185858
185909
185959
186000
186052
186104
186156
186208
186260
186312
186364
186416
186468
186520
186572
186624
186676
186728
186780
186832
186884
186936
186988
187000
187059
187119
187179
187238
187298
187358
187417
187477
187537
187596
187656
187716
187775
187835
187895
187954
188000
188077
188155
188232
188310
188387
188465
188542
188620
188697
188775
188852
188930
