0
34
69
104
139
173
208
243
278
312
347
382
417
451
486
521
556
590
625
660
695
729
764
799
834
868
903
938
973
1000
1038
1077
1115
1153
1192
1230
1268
1307
1345
1383
1422
1460
1498
1537
1575
1613
1652
1690
1728
1767
1805
1843
1882
1920
1958
1997
2000
2037
2075
2113
2150
2188
2226
2263
2301
2339
2376
2414
2452
2489
2527
2565
2602
2640
2678
2715
2753
2791
2828
2866
2904
2941
2979
3000
3040
3081
3122
3163
3203
3244
3285
3326
3366
3407
3448
3489
3529
3570
3611
3652
3692
3733
3774
3815
3855
3896
3937
3978
4000
4041
4083
4124
4165
4207
4248
4289
4331
4372
4413
4455
4496
4537
4579
4620
4661
4703
4744
4785
4827
4868
4909
4951
4992
5000
5041
5083
5124
5166
5207
5249
5290
5332
5373
5415
5456
5498
5539
5581
5622
5664
5705
5747
5788
5830
5871
5913
5954
5996
6000
6045
6091
6137
6183
6228
6274
6320
6366
6411
6457
6503
6549
6594
6640
6686
6732
6777
6823
6869
6915
6960
7000
7050
7101
7152
7202
7253
7304
7354
7405
7456
7506
7557
7608
7658
7709
7760
7810
7861
7912
7962
8000
8050
8101
8152
8202
8253
8304
8354
8405
8456
8506
8557
8608
8658
8709
8760
8810
8861
8912
8962
9000
9048
9097
9145
9194
9242
9291
9339
9388
9436
9485
9533
9582
9630
9679
9727
9776
9824
9873
9921
9970
10000
10049
10099
10149
10199
10248
10298
10348
10398
10447
10497
10547
10597
10646
10696
10746
10796
10845
10895
10945
10995
11000
11043
11087
11131
11175
11219
11263
11306
11350
11394
11438
11482
11526
11569
11613
11657
11701
11745
11789
11832
11876
11920
11964
12000
12046
12093
12140
12186
12233
12280
12326
12373
12420
12466
12513
12560
12606
12653
12700
12746
12793
12840
12886
12933
12980
13000
13041
13083
13124
13165
13206
13247
13289
13330
13371
13412
13453
13495
13536
13577
13618
13659
13701
13742
13783
13824
13865
13907
13948
13989
14000
14040
14081
14121
14161
14201
14242
14282
14322
14362
14403
14443
14483
14523
14564
14604
14644
14684
14725
14765
14805
14845
14886
14926
14966
15000
15039
15079
15118
15157
15197
15236
15275
15315
15354
15393
15433
15472
15511
15551
15590
15629
15669
15708
15747
15787
15826
15865
15905
15944
15983
16000
16037
16075
16112
16149
16187
16224
16261
16299
16336
16373
16411
16448
16485
16523
16560
16597
16635
16672
16709
16747
16784
16821
16859
16896
16933
16971
17000
17036
17072
17108
17144
17180
17216
17252
17288
17324
17360
17396
17432
17468
17504
17540
17576
17612
17648
17684
17720
17756
17792
17828
17864
17900
17936
17972
18000
18034
18069
18104
18139
18173
18208
18243
18278
18312
18347
18382
18417
18451
18486
18521
18556
18590
18625
18660
18695
18729
18764
18799
18834
18868
18903
18938
18973
19000
19032
19064
19096
19128
19160
19192
19224
19256
19288
19320
19352
19384
19416
19448
19480
19512
19544
19576
19608
19640
19672
19704
19736
19768
19800
19832
19864
19896
19928
19960
19992
20000
20030
20060
20090
20120
20150
20180
20210
20240
20270
20300
20330
20360
20390
20420
20450
20480
20510
20540
20570
20600
20630
20660
20690
20720
20750
20780
20810
20840
20870
20900
20930
20960
20990
21000
21030
21060
21090
21120
21150
21180
21210
21240
21270
21300
21330
21360
21390
21420
21450
21480
21510
21540
21570
21600
21630
21660
21690
21720
21750
21780
21810
21840
21870
21900
21930
21960
21990
22000
22027
22055
22082
22109
22137
22164
22191
22219
22246
22273
22301
22328
22355
22383
22410
22437
22465
22492
22519
22547
22574
22601
22629
22656
22683
22711
22738
22765
22793
22820
22847
22875
22902
22929
22957
22984
23000
23026
23053
23080
23107
23134
23160
23187
23214
23241
23268
23294
23321
23348
23375
23402
23428
23455
23482
23509
23536
23562
23589
23616
23643
23670
23696
23723
23750
23777
23804
23830
23857
23884
23911
23938
23964
23991
24000
24028
24057
24086
24114
24143
24172
24200
24229
24258
24286
24315
24344
24372
24401
24430
24458
24487
24516
24544
24573
24602
24630
24659
24688
24716
24745
24774
24802
24831
24860
24888
24917
24946
24974
25000
25026
25053
25080
25106
25133
25160
25186
25213
25240
25266
25293
25320
25346
25373
25400
25426
25453
25480
25506
25533
25560
25586
25613
25640
25666
25693
25720
25746
25773
25800
25826
25853
25880
25906
25933
25960
25986
26000
26025
26051
26077
26103
26129
26155
26180
26206
26232
26258
26284
26310
26335
26361
26387
26413
26439
26465
26490
26516
26542
26568
26594
26620
26645
26671
26697
26723
26749
26775
26800
26826
26852
26878
26904
26930
26955
26981
28000
28030
28061
28092
28123
28154
28185
28216
28246
28277
28308
28339
28370
28401
28432
28462
28493
28524
28555
28586
28617
28648
28678
28709
28740
28771
28802
28833
28864
28894
28925
28956
28987
29000
29033
29067
29101
29134
29168
29202
29235
29269
29303
29336
29370
29404
29437
29471
29505
29538
29572
29606
29639
29673
29707
29740
29774
29808
29841
29875
29909
29942
29976
30000
30033
30067
30101
30134
30168
30202
30235
30269
30303
30336
30370
30404
30437
30471
30505
30538
30572
30606
30639
30673
30707
30740
30774
30808
30841
30875
30909
30942
30976
31000
31028
31057
31085
31113
31142
31170
31198
31227
31255
31283
31312
31340
31368
31397
31425
31453
31482
31510
31538
31567
31595
31623
31652
31680
31708
31737
31765
31793
31822
31850
31878
31907
31935
31963
31992
32000
32026
32053
32079
32106
32132
32159
32185
32212
32238
32265
32291
32318
32344
32371
32397
32424
32450
32477
32503
32530
32556
32583
32609
32636
32662
32689
32715
32742
32768
32795
32821
32848
32874
32901
32927
32954
32980
33000
33029
33058
33087
33116
33145
33174
33203
33232
33261
33290
33319
33348
33377
33406
33435
33464
33493
33522
33551
33580
33609
33638
33667
33696
33725
33754
33783
33812
33841
33870
33899
33928
33957
33986
34000
34035
34071
34106
34141
34177
34212
34247
34283
34318
34353
34389
34424
34459
34495
34530
34565
34601
34636
34671
34707
34742
34777
34813
34848
34883
34919
34954
34989
35000
35043
35087
35130
35174
35217
35261
35304
35348
35391
35435
35478
35522
35565
35609
35652
35696
35739
35783
35826
35870
35913
35957
36000
36059
36119
36178
36237
36297
36356
36415
36475
36534
36593
36653
36712
36771
36831
36890
36949
37000
37076
37153
37230
37306
37383
37460
37536
37613
37690
37766
37843
37920
37996
38000
38060
38121
38182
38242
38303
38364
38424
38485
38546
38606
38667
38728
38788
38849
38910
38970
39000
39051
39103
39154
39205
39256
39308
39359
39410
39461
39513
39564
39615
39666
39718
39769
39820
39871
39923
39974
40000
40041
40083
40124
40166
40207
40249
40290
40332
40373
40415
40456
40498
40539
40581
40622
40664
40705
40747
40788
40830
40871
40913
40954
40996
41000
41034
41069
41104
41139
41174
41208
41243
41278
41313
41348
41382
41417
41452
41487
41522
41556
41591
41626
41661
41696
41730
41765
41800
41835
41870
41904
41939
41974
42000
42036
42072
42108
42144
42180
42216
42252
42288
42324
42360
42396
42432
42468
42504
42540
42576
42612
42648
42684
42720
42756
42792
42828
42864
42900
42936
42972
43000
43038
43077
43115
43153
43191
43230
43268
43306
43344
43383
43421
43459
43497
43536
43574
43612
43650
43689
43727
43765
43803
43842
43880
43918
43956
43995
44000
44037
44075
44112
44150
44187
44225
44262
44300
44337
44375
44412
44450
44487
44525
44562
44600
44637
44675
44712
44750
44787
44825
44862
44900
44937
44975
45000
45041
45083
45125
45166
45208
45250
45291
45333
45375
45416
45458
45500
45541
45583
45625
45666
45708
45750
45791
45833
45875
45916
45958
46000
46041
46083
46124
46166
46207
46249
46290
46332
46373
46415
46456
46498
46539
46581
46622
46664
46705
46747
46788
46830
46871
46913
46954
46996
47000
47042
47085
47128
47171
47213
47256
47299
47342
47384
47427
47470
47513
47555
47598
47641
47684
47726
47769
47812
47855
47897
47940
47983
48000
48038
48077
48115
48153
48191
48230
48268
48306
48344
48383
48421
48459
48497
48536
48574
48612
48650
48689
48727
48765
48803
48842
48880
48918
48956
48995
49000
49036
49072
49108
49144
49180
49216
49252
49288
49324
49360
49396
49432
49468
49504
49540
49576
49612
49648
49684
49720
49756
49792
49828
49864
49900
49936
49972
50000
50031
50063
50094
50125
50157
50188
50219
50251
50282
50313
50345
50376
50407
50439
50470
50501
50533
50564
50595
50627
50658
50689
50721
50752
50783
50815
50846
50877
50909
50940
50971
51000
51028
51057
51085
51114
51142
51171
51199
51228
51256
51285
51313
51342
51370
51399
51427
51456
51484
51513
51541
51570
51598
51627
51655
51684
51712
51741
51769
51798
51826
51855
51883
51912
51940
51969
51997
52000
52028
52057
52085
52114
52142
52171
52199
52228
52256
52285
52313
52342
52370
52399
52427
52456
52484
52513
52541
52570
52598
52627
52655
52684
52712
52741
52769
52798
52826
52855
52883
52912
52940
52969
52997
53000
53029
53059
53089
53118
53148
53178
53207
53237
53267
53296
53326
53356
53385
53415
53445
53474
53504
53534
53563
53593
53623
53652
53682
53712
53741
53771
53801
53830
53860
53890
53919
53949
53979
54000
54032
54064
54096
54128
54160
54192
54224
54256
54288
54320
54352
54384
54416
54448
54480
54512
54544
54576
54608
54640
54672
54704
54736
54768
54800
54832
54864
54896
54928
54960
54992
55000
55033
55066
55099
55132
55165
55198
55231
55264
55297
55330
55363
55396
55429
55462
55495
55528
55561
55594
55627
55660
55693
55726
55759
55792
55825
55858
55891
55924
55957
55990
56000
56027
56055
56083
56110
56138
56166
56193
56221
56249
56276
56304
56332
56359
56387
56415
56442
56470
56498
56525
56553
56581
56608
56636
56664
56691
56719
56747
56774
56802
56830
56857
56885
56913
56940
56968
56996
57000
57026
57053
57079
57106
57132
57159
57185
57212
57238
57265
57291
57318
57344
57371
57397
57424
57450
57477
57503
57530
57556
57583
57609
57636
57662
57689
57715
57742
57768
57795
57821
57848
57874
57901
57927
57954
57980
58000
58026
58053
58079
58106
58132
58159
58185
58212
58238
58265
58291
58318
58344
58371
58397
58424
58450
58477
58503
58530
58556
58583
58609
58636
58662
58689
58715
58742
58768
58795
58821
58848
58874
58901
58927
58954
58980
59000
59028
59057
59085
59114
59142
59171
59199
59228
59256
59285
59313
59342
59370
59399
59427
59456
59484
59513
59541
59570
59598
59627
59655
59684
59712
59741
59769
59798
59826
59855
59883
59912
59940
59969
59997
60000
60030
60061
60091
60122
60152
60183
60213
60244
60274
60305
60335
60366
60396
60427
60457
60488
60518
60549
60579
60610
60640
60671
60701
60732
60762
60793
60823
60854
60884
60915
60945
60976
61000
61037
61075
61113
61150
61188
61226
61263
61301
61339
61376
61414
61452
61489
61527
61565
61602
61640
61678
61715
61753
61791
61828
61866
61904
61941
61979
62000
62037
62075
62113
62150
62188
62226
62263
62301
62339
62376
62414
62452
62489
62527
62565
62602
62640
62678
62715
62753
62791
62828
62866
62904
62941
62979
63000
63040
63081
63121
63162
63202
63243
63283
63324
63364
63405
63445
63486
63526
63567
63607
63648
63688
63729
63769
63810
63850
63891
63931
63972
64000
64039
64079
64118
64157
64197
64236
64275
64315
64354
64393
64433
64472
64511
64551
64590
64629
64669
64708
64747
64787
64826
64865
64905
64944
64983
65000
65038
65077
65116
65155
65194
65233
65272
65311
65350
65388
65427
65466
65505
65544
65583
65622
65661
65700
65738
65777
65816
65855
65894
65933
65972
66000
66045
66091
66136
66181
66227
66272
66317
66363
66408
66453
66499
66544
66589
66635
66680
66725
66771
66816
66861
66907
66952
66997
67000
67054
67109
67163
67217
67272
67326
67380
67435
67489
67543
67598
67652
67706
67761
67815
67869
67924
67978
68000
68046
68093
68139
68186
68232
68279
68325
68372
68418
68465
68511
68558
68604
68651
68697
68744
68790
68837
68883
68930
68976
69000
69072
69145
69217
69289
69362
69434
69506
69579
69651
69723
69796
69868
69940
70000
70075
70151
70226
70301
70377
70452
70527
70603
70678
70753
70829
70904
70979
71000
71075
71151
71226
71301
71377
71452
71527
71603
71678
71753
71829
71904
71979
72000
72097
72195
72293
72390
72488
72586
72683
72781
72879
72976
73000
73068
73137
73205
73273
73342
73410
73478
73547
73615
73683
73752
73820
73888
73957
74000
74061
74123
74185
74247
74309
74371
74432
74494
74556
74618
74680
74742
74803
74865
74927
74989
75000
75047
75095
75142
75189
75237
75284
75331
75379
75426
75473
75521
75568
75615
75663
75710
75757
75805
75852
75899
75947
75994
76000
76044
76089
76134
76179
76224
76269
76314
76359
76404
76449
76493
76538
76583
76628
76673
76718
76763
76808
76853
76898
76942
76987
77000
77037
77074
77111
77148
77185
77222
77259
77296
77333
77370
77407
77444
77481
77518
77555
77592
77629
77666
77703
77740
77777
77814
77851
77888
77925
77962
77999
78000
78037
78075
78112
78149
78187
78224
78261
78299
78336
78373
78411
78448
78485
78523
78560
78597
78635
78672
78709
78747
78784
78821
78859
78896
78933
78971
79000
79037
79075
79113
79150
79188
79226
79263
79301
79339
79376
79414
79452
79489
79527
79565
79602
79640
79678
79715
79753
79791
79828
79866
79904
79941
79979
80000
80033
80067
80101
80134
80168
80202
80235
80269
80303
80336
80370
80404
80437
80471
80505
80538
80572
80606
80639
80673
80707
80740
80774
80808
80841
80875
80909
80942
80976
81000
81034
81069
81104
81139
81174
81208
81243
81278
81313
81348
81382
81417
81452
81487
81522
81556
81591
81626
81661
81696
81730
81765
81800
81835
81870
81904
81939
81974
82000
82036
82073
82109
82145
82182
82218
82254
82291
82327
82363
82400
82436
82472
82509
82545
82581
82618
82654
82690
82727
82763
82799
82836
82872
82908
82945
82981
83000
83042
83085
83127
83169
83211
83253
83296
83338
83380
83422
83464
83507
83549
83591
83633
83675
83718
83760
83802
83844
83886
83929
83971
84000
84051
84103
84154
84205
84256
84307
84359
84410
84461
84512
84563
84615
84666
84717
84768
84819
84871
84922
84973
85000
85061
85123
85184
85245
85307
85368
85429
85491
85552
85613
85675
85736
85797
85859
85920
85981
86000
86070
86141
86211
86282
86352
86423
86493
86564
86634
86705
86775
86846
86916
86987
87000
87070
87141
87211
87282
87352
87423
87493
87564
87634
87705
87775
87846
87916
87987
88000
88076
88153
88230
88306
88383
88460
88536
88613
88690
88766
88843
88920
88996
89000
89088
89177
89265
89353
89442
89530
89618
89707
89795
89883
89972
90000
90077
90155
90233
90311
90388
90466
90544
90622
90699
90777
90855
90933
91000
91066
91133
91200
91267
91334
91401
91467
91534
91601
91668
91735
91802
91868
91935
92000
92058
92117
92176
92234
92293
92352
92410
92469
92528
92586
92645
92704
92762
92821
92880
92938
92997
93000
93060
93121
93182
93242
93303
93364
93424
93485
93546
93606
93667
93728
93788
93849
93910
93970
94000
94054
94109
94163
94217
94272
94326
94380
94435
94489
94543
94598
94652
94706
94761
94815
94869
94924
94978
95000
95045
95091
95137
95183
95228
95274
95320
95366
95411
95457
95503
95549
95594
95640
95686
95732
95777
95823
95869
95915
95960
96000
96041
96083
96125
96167
96208
96250
96292
96334
96375
96417
96459
96501
96542
96584
96626
96668
96709
96751
96793
96835
96876
96918
96960
97000
97044
97089
97134
97178
97223
97268
97312
97357
97402
97446
97491
97536
97580
97625
97670
97714
97759
97804
97848
97893
97938
97982
98000
98044
98089
98134
98178
98223
98268
98312
98357
98402
98446
98491
98536
98580
98625
98670
98714
98759
98804
98848
98893
98938
98982
99000
99037
99075
99113
99151
99189
99226
99264
99302
99340
99378
99415
99453
99491
99529
99567
99604
99642
99680
99718
99756
99793
99831
99869
99907
99945
99982
100000
100037
100075
100113
100151
100189
100227
100264
100302
100340
100378
100416
100454
100491
100529
100567
100605
100643
100681
100718
100756
100794
100832
100870
100908
100945
100983
101000
101042
101085
101127
101169
101211
101253
101296
101338
101380
101422
101464
101507
101549
101591
101633
101675
101718
101760
101802
101844
101886
101929
101971
102000
102042
102085
102127
102170
102212
102255
102297
102340
102382
102425
102467
102510
102552
102595
102637
102680
102722
102765
102807
102850
102892
102935
102977
103000
103047
103095
103142
103190
103237
103285
103332
103380
103427
103475
103522
103570
103617
103665
103712
103760
103807
103855
103902
103950
103997
104000
104049
104099
104149
104198
104248
104298
104347
104397
104447
104496
104546
104596
104645
104695
104745
104794
104844
104894
104943
104993
105000
105056
105112
105168
105224
105280
105336
105392
105448
105504
105560
105616
105672
105728
105784
105840
105896
105952
106000
106054
106109
106163
106217
106272
106326
106380
106435
106489
106543
106598
106652
106706
106761
106815
106869
106924
106978
107000
107048
107097
107145
107194
107242
107291
107339
107388
107436
107485
107533
107582
107630
107679
107727
107776
107824
107873
107921
107970
108000
108047
108095
108142
108190
108237
108285
108332
108380
108427
108475
108522
108570
108617
108665
108712
108760
108807
108855
108902
108950
108997
109000
109042
109085
109127
109169
109211
109254
109296
109338
109380
109423
109465
109507
109549
109592
109634
109676
109718
109761
109803
109845
109887
109930
109972
110000
110039
110078
110117
110156
110195
110234
110273
110312
110351
110390
110429
110468
110507
110546
110585
110624
110663
110702
110741
110780
110819
110858
110897
110936
110975
112000
112046
112093
112139
112185
112231
112278
112324
112370
112416
112463
112509
112555
112601
112648
112694
112740
112786
112833
112879
112925
112971
113000
113058
113116
113174
113232
113290
113348
113406
113464
113522
113580
113638
113696
113754
113812
113870
113928
113986
115000
115043
115087
115131
115175
115219
115263
115306
115350
115394
115438
115482
115526
115569
115613
115657
115701
115745
115789
115832
115876
115920
115964
116000
116044
116089
116134
116178
116223
116268
116312
116357
116402
116446
116491
116536
116580
116625
116670
116714
116759
116804
116848
116893
116938
116982
117000
117042
117085
117127
117169
117211
117254
117296
117338
117380
117423
117465
117507
117549
117592
117634
117676
117718
117761
117803
117845
117887
117930
117972
118000
118043
118087
118130
118173
118216
118260
118303
118346
118389
118433
118476
118519
118562
118606
118649
118692
118735
118779
118822
118865
118908
118952
118995
119000
119042
119085
119127
119169
119211
119253
119296
119338
119380
119422
119464
119507
119549
119591
119633
119675
119718
119760
119802
119844
119886
119929
119971
120000
120035
120071
120106
120141
120177
120212
120247
120283
120318
120353
120389
120424
120459
120495
120530
120565
120601
120636
120671
120707
120742
120777
120813
120848
120883
120919
120954
120989
121000
121037
121075
121113
121151
121189
121226
121264
121302
121340
121378
121415
121453
121491
121529
121567
121604
121642
121680
121718
121756
121793
121831
121869
121907
121945
121982
122000
122042
122085
122128
122171
122214
122256
122299
122342
122385
122428
122470
122513
122556
122599
122642
122684
122727
122770
122813
122856
122898
122941
122984
123000
123039
123079
123119
123159
123199
123239
123278
123318
123358
123398
123438
123478
123517
123557
123597
123637
123677
123717
123756
123796
123836
123876
123916
123956
123995
124000
124044
124089
124134
124178
124223
124268
124312
124357
124402
124446
124491
124536
124580
124625
124670
124714
124759
124804
124848
124893
124938
124982
125000
125039
125078
125117
125156
125195
125234
125273
125312
125351
125390
125429
125468
125507
125546
125585
125624
125663
125702
125741
125780
125819
125858
125897
125936
125975
126000
126038
126077
126116
126155
126193
126232
126271
126310
126348
126387
126426
126465
126503
126542
126581
126620
126658
126697
126736
126775
126813
126852
126891
126930
126968
127000
127038
127077
127115
127153
127191
127230
127268
127306
127344
127383
127421
127459
127497
127536
127574
127612
127650
127689
127727
127765
127803
127842
127880
127918
127956
127995
129000
129053
129107
129161
129215
129269
129322
129376
129430
129484
129538
129591
129645
129699
129753
129807
129860
129914
129968
130000
130068
130137
130206
130274
130343
130412
130480
130549
130618
130686
130755
130824
130892
130961
131000
131074
131149
131223
131297
131372
131446
131520
131595
131669
131743
131818
131892
131966
132000
132069
132139
132208
132278
132347
132417
132486
132556
132625
132695
132764
132834
132903
132973
133000
133070
133141
133211
133282
133352
133423
133493
133564
133634
133705
133775
133846
133916
133987
134000
134066
134133
134200
134267
134333
134400
134467
134534
134600
134667
134734
134801
134867
134934
135000
135062
135125
135187
135249
135311
135373
135436
135498
135560
135622
135684
135747
135809
135871
135933
135995
136000
136064
136129
136193
136258
136322
136387
136451
136516
136580
136645
136709
136774
136838
136903
136967
137000
137067
137135
137203
137270
137338
137406
137473
137541
137609
137676
137744
137812
137879
137947
138000
138055
138111
138166
138222
138277
138333
138388
138444
138499
138555
138610
138666
138721
138777
138832
138888
138943
138999
139000
139050
139101
139152
139202
139253
139304
139354
139405
139456
139506
139557
139608
139658
139709
139760
139810
139861
139912
139962
140000
140049
140099
140149
140198
140248
140298
140347
140397
140447
140496
140546
140596
140645
140695
140745
140794
140844
140894
140943
140993
141000
141045
141090
141135
141180
141225
141270
141315
141360
141405
141450
141495
141540
141585
141630
141675
141720
141765
141810
141855
141900
141945
141990
142000
142045
142091
142137
142183
142228
142274
142320
142366
142411
142457
142503
142549
142594
142640
142686
142732
142777
142823
142869
142915
142960
143000
143056
143113
143169
143225
143281
143337
143394
143450
143506
143562
143618
143675
143731
143787
143843
143899
143956
144000
144058
144117
144176
144234
144293
144352
144410
144469
144528
144586
144645
144704
144762
144821
144880
144938
144997
145000
145062
145125
145187
145249
145311
145373
145436
145498
145560
145622
145684
145747
145809
145871
145933
145995
146000
146062
146125
146188
146251
146314
146377
146439
146502
146565
146628
146691
146754
146816
146879
146942
147000
147054
147109
147164
147219
147274
147329
147384
147439
147494
147548
147603
147658
147713
147768
147823
147878
147933
147988
148000
148048
148097
148146
148195
148244
148292
148341
148390
148439
148488
148536
148585
148634
148683
148732
148780
148829
148878
148927
148976
149000
149050
149101
149152
149202
149253
149304
149354
149405
149456
149506
149557
149608
149658
149709
149760
149810
149861
149912
149962
150000
150065
150131
150196
150261
150326
150392
150457
150522
150587
150653
150718
150783
150848
150914
150979
151000
151064
151129
151193
151257
151322
151386
151450
151515
151579
151643
151708
151772
151836
151901
151965
152000
152071
152143
152214
152286
152357
152429
152500
152572
152643
152715
152786
152858
152929
155000
155106
155213
155319
155425
155532
155638
155744
155851
155957
156000
156088
156177
156265
156354
156442
156531
156619
156708
156796
156885
156973
157000
157064
157129
157193
157258
157322
157387
157451
157516
157580
157645
157709
157774
157838
157903
157967
158000
158045
158091
158137
158183
158228
158274
158320
158366
158411
158457
158503
158549
158594
158640
158686
158732
158777
158823
158869
158915
158960
159000
159034
159069
159104
159138
159173
159208
159242
159277
159312
159346
159381
159416
159450
159485
159520
159554
159589
159624
159658
159693
159728
159762
159797
159832
159866
159901
159936
159970
160000
160034
160069
160103
160138
160172
160207
160241
160276
160310
160345
160379
160414
160448
160483
160517
160552
160586
160621
160655
160690
160724
160759
160793
160828
160862
160897
160931
160966
161000
161039
161079
161119
161158
161198
161238
161277
161317
161357
161396
161436
161476
161515
161555
161595
161634
161674
161714
161753
161793
161833
161872
161912
161952
161991
162000
162039
162079
162118
162158
162197
162237
162276
162316
162355
162395
162434
162474
162513
162553
162592
162632
162671
162711
162750
162790
162829
162869
162908
162948
162987
163000
163046
163093
163139
163186
163232
163279
163325
163372
163418
163465
163511
163558
163604
163651
163697
163744
163790
163837
163883
163930
163976
164000
164055
164111
164167
164223
164279
164335
164391
164447
164503
164558
164614
164670
164726
164782
164838
164894
164950
165000
165076
165153
165229
165305
165382
165458
165534
165611
165687
165763
165840
165916
165992
166000
166081
166163
166244
166325
166407
166488
166569
166651
166732
166813
166895
166976
167000
167077
167155
167233
167310
167388
167466
167543
167621
167699
167776
167854
167932
168000
168070
168141
168211
168282
168352
168423
168493
168564
168634
168705
168775
168846
168916
168987
169000
169064
169129
169193
169258
169322
169387
169451
169516
169580
169645
169709
169774
169838
169903
169967
170000
170068
170137
170206
170274
170343
170412
170480
170549
170618
170686
170755
170824
170892
170961
172000
172062
172125
172188
172251
172314
172377
172439
172502
172565
172628
172691
172754
172816
172879
172942
173000
173069
173139
173209
173278
173348
173418
173487
173557
173627
173696
173766
173836
173905
173975
174000
174063
174127
174191
174254
174318
174382
174445
174509
174573
174636
174700
174764
174827
174891
174955
175000
175060
175120
175180
175240
175300
175360
175420
175480
175540
175600
175660
175720
175780
175840
175900
175960
176000
176060
176121
176182
176242
176303
176364
176424
176485
176546
176606
176667
176728
176788
176849
176910
176970
177000
177055
177111
177166
177222
177277
177333
177388
177444
177499
177555
177610
177666
177721
177777
177832
177888
177943
177999
178000
178053
178107
178161
178215
178269
178322
178376
178430
178484
178538
178591
178645
178699
178753
178807
178860
178914
178968
179000
179062
179125
179188
179251
179314
179376
179439
179502
179565
179628
179690
179753
179816
179879
179942
180000
180066
180132
180198
180264
180330
180396
180462
180528
180594
180660
180726
180792
180858
180924
180990
182000
182069
182139
182208
182278
182347
182417
182486
182556
182625
182695
182764
182834
182903
182973
183000
183057
183115
183172
183229
183287
183344
183401
183459
183516
183573
183631
183688
183745
183803
183860
183917
183975
184000
184062
184124
184186
184248
184310
184372
184434
184496
184558
184620
184682
184744
184806
184868
184930
184992
185000
185054
185109
185163
185217
185272
185326
185380
185435
185489
185543
185598
185652
185706
185761
185815
185869
185924
185978
186000
186050
186101
186152
186202
186253
186304
186354
186405
186456
186506
186557
186608
186658
186709
186760
186810
186861
186912
186962
187000
187067
187135
187203
187271
187339
187406
187474
187542
187610
187678
187745
187813
187881
187949
188000
188063
188127
188191
188255
188318
188382
188446
188510
188573
188637
188701
188765
188828
188892
188956
189000
189069
189139
189209
189278
189348
189418
189487
189557
189627
189696
189766
189836
189905
189975
190000
190066
190133
190199
190265
190331
190397
190464
190530
190596
190662
190728
190795
190861
190927
190993
191000
191102
191205
191307
191409
191512
191614
191716
191819
191921
192000
192093
192186
192279
192372
192465
192558
192651
192744
192837
192930
193000
193100
193200
193300
193400
193500
193600
193700
193800
193900
194000
194085
194171
194256
194342
194427
194513
194598
194684
194769
194855
194940
196000
196096
196193
196290
196386
196483
196580
196676
196773
196870
196966
197000
197091
197183
197274
197365
197456
197548
197639
197730
197821
197913
198000
198094
198189
198283
198378
198472
198567
198661
198756
198850
198945
199000
199085
199171
199256
199341
199426
199512
199597
199682
199767
199853
199938
200000
200076
200153
200229
200306
200382
200459
200535
200612
200688
200765
200841
200918
200994
202000
202096
202193
202289
202386
202482
202579
202675
202772
202868
202965
203000
203102
203205
203307
203409
203511
203614
203716
203818
203920
204000
204110
204221
204332
204442
204553
204664
204774
204885
204996
205000
205101
205203
205305
205407
205509
205610
205712
205814
205916
206000
206101
206203
206304
206406
206507
206609
206710
206812
206913
207000
207103
207207
207310
207413
207517
207620
207723
207827
207930
208000
208088
208177
208266
208355
208444
208533
208622
208711
208800
208888
208977
209000
209083
209167
209250
209333
209417
209500
209583
209667
209750
209833
209917
210000
210083
210167
210250
210333
210417
210500
210583
210667
210750
210833
210917
211000
211090
211181
211272
211363
211454
211545
211636
211727
211818
211908
211999
213000
213129
213259
213389
213519
213649
213779
213909
214000
214108
214217
214325
214433
214542
214650
214758
214867
214975
215000
215100
215200
215300
215400
215500
215600
215700
215800
215900
216000
216112
216225
216338
216451
216564
216677
216790
216903
217000
217106
217212
217318
217424
217530
217636
217742
217848
217954
218000
218127
218254
218381
218508
218635
218762
218889
219000
219179
219359
219538
219717
219897
220000
220157
220315
220473
220630
220788
220946
221000
221236
221473
221710
221946
222000
222192
222385
222578
222770
222963
223000
223185
223371
223557
223742
223928
224000
224287
224575
224862
225000
225172
225345
225518
225691
225864
226000
226136
226273
226410
226546
226683
226820
226956
227000
227133
227267
227400
227533
227667
227800
227933
228000
228133
228267
228400
228534
228667
228801
228934
229000
229113
229227
229340
229453
229567
229680
229793
229907
230000
230120
230241
230362
230483
230604
230725
230846
230967
231000
231126
231253
231380
231507
231634
231761
231887
234000
234271
234543
234814
236000
236369
236739
237000
237258
237517
237776
238000
238225
238451
238676
238902
239000
239185
239371
239556
239742
239927
240000
240178
240357
240536
240715
240894
241000
241147
241295
241443
241591
241739
241887
242000
242172
242345
242518
242690
242863
243000
243140
243281
243421
243562
243702
243843
243983
244000
244113
244227
244340
244453
244566
244680
244793
244906
245000
245098
245197
245295
245394
245492
245591
245689
245788
245886
245985
246000
246085
246171
246257
246342
246428
246514
246599
246685
246771
246856
246942
247000
247066
247133
247199
247265
247331
247397
247464
247530
247596
247662
247728
247795
247861
247927
247993
248000
248063
248127
248191
248254
248318
248382
248445
248509
248573
248636
248700
248764
248827
248891
248955
249000
249057
249115
249172
249229
249286
249343
249401
249458
249515
249572
249629
249687
249744
249801
249858
249915
249973
250000
250048
250097
250145
250193
250241
250289
250338
250386
250434
250482
250530
250579
250627
250675
250723
250771
250820
250868
250916
250964
251000
251053
251107
251160
251214
251267
251321
251374
251428
251481
251535
251588
251642
251695
251749
251802
251856
251909
251963
252000
252055
252111
252167
252223
252278
252334
252390
252446
252501
252557
252613
252669
252724
252780
252836
252892
252947
253000
253057
253114
253171
253228
253285
253342
253399
253456
253513
253570
253627
253684
253741
253798
253855
253912
253969
254000
254078
254157
254236
254315
254394
254472
254551
254630
254709
254788
254866
254945
255000
255081
255163
255244
255325
255407
255488
255569
255651
255732
255813
255895
255976
256000
256083
256167
256251
256335
256419
256502
256586
256670
256754
256838
256921
257000
257094
257189
257284
257378
257473
257568
257662
257757
257852
257946
258000
258110
258221
258332
258442
258553
258664
258774
258885
258996
259000
259140
259281
259422
259562
259703
259844
259984
260000
260140
260281
260421
260561
260702
260842
260982
261000
261136
261273
261410
261547
261683
261820
261957
263000
263120
263241
263362
263483
263604
263724
263845
263966
264000
264094
264189
264284
264378
264473
264568
264662
264757
264852
264946
265000
265113
265227
265340
265453
265567
265680
265793
265907
266000
266086
266173
266260
266346
266433
266520
266606
266693
266780
266866
266953
267000
267082
267165
267247
267330
267412
267495
267577
267660
267742
267825
267907
267990
268000
268101
268203
268305
268407
268509
268611
268713
268815
268916
269000
269112
269225
269337
269450
269562
269675
269787
269900
270000
270139
270279
270419
270558
270698
270838
270977
271000
271197
271395
271592
271790
271987
272000
272183
272367
272551
272734
272918
273000
273177
273355
273533
273711
273889
275000
275136
275273
275409
275546
275682
275819
275955
276000
276110
276221
276332
276442
276553
276664
276774
276885
276996
281000
281645
282000
282247
282494
282741
282988
283000
283172
283345
283517
283690
283862
284000
284110
284221
284331
284442
284552
284663
284773
284884
284994
285000
285083
285167
285251
285335
285418
285502
285586
285670
285753
285837
285921
286000
286075
286151
286226
286302
286377
286453
286528
286604
286679
286755
286830
286906
286981
287000
287061
287123
287184
287245
287307
287368
287429
287491
287552
287613
287675
287736
287797
287859
287920
287981
288000
288056
288112
288168
288224
288280
288336
288392
288448
288504
288560
288616
288672
288728
288784
288840
288896
288952
289000
289052
289105
289158
289210
289263
289316
289368
289421
289474
289526
289579
289632
289684
289737
289790
289842
289895
289948
290000
290038
290077
290116
290155
290194
290233
290272
290311
290350
290389
290427
290466
290505
290544
290583
290622
290661
290700
290739
290778
290816
290855
290894
290933
290972
291000
291039
291079
291119
291158
291198
291238
291277
291317
291357
291396
291436
291476
291515
291555
291595
291634
291674
291714
291753
291793
291833
291872
291912
291952
291991
292000
292042
292085
292127
292170
292212
292255
292297
292340
292382
292425
292467
292510
292552
292595
292637
292680
292722
292765
292807
292850
292892
292935
292977
293000
293043
293087
293131
293175
293219
293263
293306
293350
293394
293438
293482
293526
293569
293613
293657
293701
293745
293789
293832
293876
293920
293964
294000
294050
294101
294151
294201
294252
294302
294352
294403
294453
294503
294554
294604
294654
294705
294755
294805
294856
294906
294956
295000
295051
295103
295154
295205
295256
295308
295359
295410
295461
295513
295564
295615
295666
295718
295769
295820
295871
295923
295974
296000
296052
296105
296157
296209
296262
296314
296366
296419
296471
296523
296576
296628
296680
296733
296785
296837
296890
296942
296994
297000
297047
297095
297143
297191
297239
297287
297334
297382
297430
297478
297526
297574
297621
297669
297717
297765
297813
297861
297908
297956
298000
298043
298087
298130
298173
298216
298260
298303
298346
298389
298433
298476
298519
298562
298606
298649
298692
298735
298779
298822
298865
298908
298952
298995
299000
299037
299075
299113
299151
299189
299226
299264
299302
299340
299378
299415
299453
299491
299529
299567
299604
299642
299680
299718
299756
299793
299831
299869
299907
299945
299982
300000
300033
300067
300101
300135
300169
300203
300236
300270
300304
300338
300372
300406
300439
300473
300507
300541
300575
300609
300642
300676
300710
300744
300778
300812
300845
300879
300913
300947
300981
301000
301033
301066
301099
301132
301165
301198
301231
301264
301297
301330
301363
301396
301429
301462
301495
301528
301561
301594
301627
301660
301693
301726
301759
301792
301825
301858
301891
301924
301957
301990
302000
302034
302069
302103
302137
302171
302206
302240
302274
302308
302343
302377
302411
302445
302480
302514
302548
302582
302617
302651
302685
302719
302754
302788
302822
302856
302891
302925
302959
302993
303000
303034
303069
303103
303137
303171
303206
303240
303274
303308
303343
303377
303411
303445
303480
303514
303548
303582
303617
303651
303685
303719
303754
303788
303822
303856
303891
303925
303959
303993
304000
304033
304067
304101
304134
304168
304202
304235
304269
304303
304336
304370
304404
304437
304471
304505
304538
304572
304606
304639
304673
304707
304740
304774
304808
304841
304875
304909
304942
304976
305000
305034
305069
305103
305137
305171
305206
305240
305274
305308
305343
305377
305411
305445
305480
305514
305548
305582
305617
305651
305685
305719
305754
305788
305822
305856
305891
305925
305959
305993
306000
306032
306065
306097
306129
306162
306194
306226
306259
306291
306323
306356
306388
306420
306453
306485
306517
306550
306582
306614
306647
306679
306711
306744
306776
306808
306841
306873
306905
306938
306970
307000
307031
307063
307094
307125
307157
307188
307219
307251
307282
307313
307345
307376
307407
307439
307470
307501
307533
307564
307595
307627
307658
307689
307721
307752
307783
307815
307846
307877
307909
307940
307971
308000
308034
308069
308103
308137
308171
308206
308240
308274
308308
308343
308377
308411
308445
308480
308514
308548
308582
308617
308651
308685
308719
308754
308788
308822
308856
308891
308925
308959
308993
309000
309039
309079
309118
309157
309197
309236
309275
309315
309354
309393
309433
309472
309511
309551
309590
309629
309669
309708
309747
309787
309826
309865
309905
309944
309983
310000
310050
310101
310151
310201
310251
310302
310352
310402
310452
310503
310553
310603
310653
310704
310754
310804
310854
310905
310955
311000
311054
311109
311164
311219
311274
311328
311383
311438
311493
311548
311602
311657
311712
311767
311822
311876
311931
311986
312000
312071
312143
312214
312285
312357
312428
312499
312571
312642
312713
312785
312856
312927
312999
313000
313077
313155
313233
313310
313388
313466
313543
313621
313699
313776
313854
313932
314000
314090
314181
314272
314363
314454
314545
314635
314726
314817
314908
314999
315000
315082
315165
315247
315330
315412
315495
315577
315660
315742
315825
315907
315990
316000
316082
316165
316247
316330
316412
316495
316577
316660
316742
316825
316907
316990
317000
317069
317139
317208
317277
317347
317416
317485
317555
317624
317693
317763
317832
317901
317971
318000
318059
318119
318178
318237
318296
318356
318415
318474
318533
318593
318652
318711
318770
318830
318889
318948
319000
319066
319133
319200
319267
319333
319400
319467
319534
319600
319667
319734
319801
319867
319934
320000
320069
320139
320208
320278
320347
320417
320486
320556
320625
320695
320764
320834
320903
320973
321000
321061
321123
321184
321245
321307
321368
321429
321491
321552
321613
321675
321736
321797
321859
321920
321981
322000
322059
322119
322178
322237
322297
322356
322415
322475
322534
322593
322653
322712
322771
322831
322890
322949
323000
323051
323103
323155
323206
323258
323310
323361
323413
323465
323516
323568
323620
323671
323723
323775
323826
323878
323930
323981
324000
324042
324085
324128
324171
324214
324256
324299
324342
324385
324428
324470
324513
324556
324599
324642
324684
324727
324770
324813
324856
324898
324941
324984
325000
325040
325081
325122
325163
325204
325244
325285
325326
325367
325408
325448
325489
325530
325571
325612
325652
325693
325734
325775
325816
325856
325897
325938
325979
326000
326045
326090
326135
326180
326225
326270
326315
326360
326405
326450
326495
326540
326585
326630
326675
326720
326765
326810
326855
326900
326945
326990
327000
327040
327081
327122
327163
327204
327244
327285
327326
327367
327408
327448
327489
327530
327571
327612
327652
327693
327734
327775
327816
327856
327897
327938
327979
328000
328045
328091
328136
328182
328227
328273
328318
328364
328409
328455
328500
328546
328591
328637
328682
328728
328773
328819
328864
328910
328955
329000
329045
329091
329137
329183
329228
329274
329320
329366
329411
329457
329503
329549
329594
329640
329686
329732
329777
329823
329869
329915
329960
330000
330047
330094
330141
330188
330235
330282
330329
330376
330423
330470
330517
330564
330611
330658
330705
330752
330799
330846
330893
330940
330987
331000
331043
331087
331131
331175
331219
331263
331306
331350
331394
331438
331482
331526
331569
331613
331657
331701
331745
331789
331832
331876
331920
331964
332000
332042
332085
332128
332171
332213
332256
332299
332342
332384
332427
332470
332513
332555
332598
332641
332684
332726
332769
332812
332855
332897
332940
332983
333000
333047
333095
333142
333190
333237
333285
333332
333380
333427
333475
333522
333570
333617
333665
333712
333760
333807
333855
333902
333950
333997
334000
334045
334091
334137
334183
334228
334274
334320
334366
334411
334457
334503
334549
334594
334640
334686
334732
334777
334823
334869
334915
334960
335000
335047
335095
335143
335191
335239
335287
335334
335382
335430
335478
335526
335574
335621
335669
335717
335765
335813
335861
335908
335956
336000
336048
336097
336145
336193
336242
336290
336338
336387
336435
336483
336532
336580
336628
336677
336725
336773
336822
336870
336918
336967
337000
337049
337099
337149
337198
337248
337298
337347
337397
337447
337496
337546
337596
337645
337695
337745
337794
337844
337894
337943
337993
